754
5842
8155
3919
729
4235
1162
1460
375
1372
3771
8829
3958
3875
7741
8301
5471
9747
3323
5306
7678
789
3029
1502
5812
4684
2409
2401
3247
4315
4423
3666
8489
8886
3755
2774
3180
6323
3908
8795
5713
1497
2403
8160
11
513
3802
3660
6717
4136
5293
6486
439
2238
1016
2363
5753
3126
7994
4796
2494
5657
6746
9133
1381
500
2503
3414
3240
7017
326
888
1148
4291
5053
1575
9992
3492
5372
5815
5609
3507
6777
4661
1777
7405
8361
1550
87
7559
8975
9746
2583
831
5386
458
207
2508
6494
5655
4346
2025
4512
3804
6880
3562
7699
6474
8890
5907
9705
9767
9488
7756
8992
5991
6241
3221
2272
4529
4914
5348
8306
8606
2933
3561
384
2855
3688
5023
6202
7279
352
2277
1748
4483
6618
1778
6091
2195
6888
4656
6123
4274
3535
1967
8163
5903
6411
7553
1238
9060
8768
9658
5307
1648
9225
7157
8652
4777
7173
4972
8552
5919
4211
2048
7192
7598
1629
4829
4178
4373
1685
2574
56
5802
6556
2670
5408
5734
8188
6590
4869
4008
2252
6167
329
5753
5768
5936
8342
5414
8680
6784
3856
5205
6783
6182
4896
2817
9461
1298
8083
3838
9063
9114
386
9327
5957
2502
5132
4302
4689
4419
6936
3432
9696
7186
8293
7478
1461
6453
6249
2338
2453
4667
6083
2214
956
8052
8669
4577
5200
8498
2068
7235
7009
351
6667
8308
3315
921
2523
1189
8485
3142
7363
2105
6281
1781
5848
6040
9657
7046
2977
3339
5481
9381
6937
4553
4087
7690
9115
6138
5857
8861
7200
7329
3175
8140
3454
1911
6774
1048
1225
8081
2619
3732
1540
5551
1054
7034
2526
4472
6117
8241
8691
5270
8744
3099
5001
7710
3983
609
935
8145
1290
9837
202
3583
3812
2322
2096
6007
9005
86
775
7021
285
7506
5783
4696
3728
9112
7500
3643
4843
6937
3620
7372
9702
743
5430
8001
4127
8739
4774
3983
413
2223
8431
3674
9921
8733
9150
4893
9033
6506
1134
5357
3949
9767
7516
9566
7691
2712
5682
9839
5361
38
850
9363
9009
5283
6793
5035
7340
1693
5176
934
6801
4525
4430
6178
4279
7983
1852
9287
8864
4527
2788
555
1902
6812
3255
1611
5381
2651
1905
1327
8146
2639
6254
88
9292
7572
8070
2707
1549
7431
7743
8929
2675
6996
6264
9175
9752
6006
779
7589
6222
2289
2086
7946
6949
5962
7482
6959
4522
6303
2236
6431
1674
242
7720
9895
8615
3575
3741
898
7641
4231
9837
2472
6958
8786
6988
7877
7999
8825
3645
5083
917
268
7456
2468
4933
7979
8815
2465
5207
228
6100
623
7680
7718
2525
5030
9994
6340
3524
2247
1715
8182
496
9532
690
7360
8173
1518
6207
926
9263
7378
8411
9573
2761
4534
5754
8908
4360
2223
1870
6442
5278
5989
4648
7903
5229
8113
2587
9650
1013
7665
5037
3794
7990
9149
968
1115
6042
492
3782
3352
5222
357
6979
2917
2108
27
1671
8889
1488
710
3878
5043
680
8411
8721
759
1175
4583
9055
9325
5935
4923
8526
5837
8040
9311
8102
4277
7509
3771
2367
6044
4653
9921
4441
9644
1994
9550
7778
1944
7988
913
5960
3523
5457
5022
4526
8279
140
8977
1408
4262
6758
4494
6711
7156
7593
7827
6274
8878
2930
491
1483
357
6431
3882
811
9638
1454
2437
2683
6079
2174
8346
5627
4191
5832
484
6067
6633
2907
3912
7628
9147
8928
705
8825
2983
9144
5377
7004
2915
1683
8051
2144
3685
7950
4756
8751
1484
5318
5835
2742
8707
6911
6924
230
4637
1417
9274
2588
2793
6092
8019
9419
3413
7846
6791
4207
1244
9213
7159
8890
3632
6541
7252
3821
2789
5170
2479
357
5813
2291
863
5821
2558
113
3145
3078
3730
75
1638
985
7092
9981
5479
3528
9834
1863
7819
2118
5203
4643
700
7518
8175
3242
4715
5965
1231
4324
3404
7588
5382
1893
6467
7028
6657
317
7307
9867
6105
9373
6117
5812
406
6460
8638
1461
7673
496
2417
8534
8893
8584
8529
4983
8771
6153
5498
605
7805
4964
374
8281
8578
5723
3353
2540
2699
7262
5514
3846
7764
3770
1637
9612
6612
7402
590
4541
3973
4134
1616
3448
9868
9273
8538
795
43
1073
8401
5091
908
7586
2441
779
2629
8961
9587
3981
8162
5687
9093
1467
9143
708
2894
8660
2167
4959
3158
3261
1752
1095
4229
4608
1111
8086
5035
6822
6397
7035
5971
9530
8518
7394
2204
1411
5411
8761
3696
7989
4596
6809
7704
7396
9206
9371
1755
6791
4716
9746
9268
7494
3826
6401
5514
2794
1739
5028
8554
9862
2167
6012
3773
6799
209
6138
6262
4995
6350
8466
718
8636
4729
7629
295
29
7258
1184
5818
8157
2003
926
962
9532
4431
2003
6197
6928
7458
7905
4334
4520
4638
7158
5735
8383
6794
2042
2034
76
183
1829
15
6050
2468
1462
3643
9162
1169
9226
8789
1945
5841
8471
2727
5346
3811
4124
949
2803
2692
5364
4878
4065
3850
1119
6411
4908
1991
6334
3325
2934
4940
4061
3562
1457
1066
7166
5779
3052
2704
7082
6671
4330
1346
9916
9419
5619
6377
7711
3519
2802
9110
5717
6215
8636
4681
185
7837
6462
1346
187
5095
8291
2078
9089
507
2202
322
6749
1087
7960
3224
4340
3694
7658
9913
1516
1849
7552
6591
830
202
5635
1976
2847
200
4010
5562
7475
8300
4082
9786
7679
7112
4416
2324
9014
2101
2230
6841
6265
9717
6855
4698
7658
8609
8541
6277
4977
4705
5319
7854
6727
2923
9600
8932
8425
9890
877
503
7283
6501
5992
7843
2323
188
7031
7599
5465
1873
3947
406
7981
2255
4188
5263
5459
9669
8897
1326
14
5681
9456
3100
772
2496
7745
214
501
5303
3373
8318
1303
4823
2489
3824
4508
6116
6901
9916
7532
3739
282
3046
512
9636
5759
2119
8315
7866
2846
5373
121
4962
5190
8965
8764
2220
3964
8360
5395
7049
1604
7091
3459
540
1884
4279
6888
9789
4601
6120
3621
3727
9747
4302
1079
7231
5103
2802
769
1747
1710
9475
1791
9537
4837
9581
2454
516
3125
3197
6522
7275
5941
8767
2793
5841
9965
7910
3792
2700
8875
2392
6995
2201
8617
7174
6642
7167
4206
9976
4165
6077
2273
1339
8990
5966
668
37
9635
9271
8237
6344
1723
5699
2042
9410
6955
3852
5335
2811
1977
1231
7119
1977
4212
8098
3919
6079
1156
6989
917
7487
6786
1769
9660
4175
996
5701
5496
526
2965
7966
6552
3109
8521
9485
8181
5493
954
7230
6369
6512
3264
329
7090
2555
9138
1409
2774
5875
7084
9755
2436
8263
3105
5398
2545
7136
18
3551
1359
1674
9317
5514
5973
6388
841
8952
6674
8006
3071
5114
8213
8302
1763
8947
9747
4905
3023
4017
5312
7988
4994
6194
1222
5363
4427
5004
8836
3936
8208
660
7520
8739
8203
3943
6573
4505
9969
994
7001
1484
48
8617
2359
423
772
8198
9854
1886
8482
2552
6888
2472
6362
4344
9261
8484
5689
5200
1019
3223
7016
9451
2219
6955
3766
2024
9369
5073
2267
8418
477
2537
2228
4467
6509
6565
4652
7525
5343
3253
9695
9633
9349
7898
120
2110
8037
9798
4312
2979
9564
4597
37
2121
3536
1493
4496
2545
66
549
6647
9933
5565
240
8277
5405
3996
6851
3103
4232
4601
7233
2003
7147
9845
7766
4513
2363
625
2947
48
808
7744
2929
5297
4774
4158
1279
6721
4421
7765
8525
4072
9195
8893
4821
4753
8988
4018
4821
5401
5593
8742
5102
5833
9315
4346
9231
5522
7271
9435
2369
576
3430
5903
173
3623
8426
751
2774
2695
966
8547
4142
9508
117
6556
8178
6227
5858
5978
5019
1234
6263
7798
1145
9365
6058
2610
8619
419
9651
7728
3751
610
5925
9636
2163
6723
7534
2640
3536
748
9921
6345
655
387
3664
359
5889
5907
808
7365
10
6874
1292
7809
2214
751
7041
5140
6463
556
7352
2650
5937
8264
413
205
3488
9369
8299
6759
2528
7554
1787
8078
3403
9853
6217
7145
570
7531
5840
9690
2286
1316
5026
1861
2632
9686
6734
2241
9683
7715
3464
3270
9289
3942
1917
4071
8486
6098
1438
1387
3379
406
4313
7133
9966
8985
6843
1135
9969
815
352
1513
9164
9166
4641
2444
4741
4040
28
4427
9700
4170
1459
5570
5281
8511
7091
1683
6818
7482
5297
9446
3166
8192
9578
4662
8427
2227
4263
8884
8784
1158
3467
8876
5883
976
1714
9707
1150
608
4297
7114
726
4450
6029
2934
6679
1745
114
3318
8367
6612
6110
2980
4615
7101
7864
3311
1462
59
2809
6279
3105
1009
6130
5915
5131
2874
6654
6530
4552
5109
9397
4902
4323
2504
5921
7480
7188
4657
8553
7747
9813
3935
5814
9450
4351
2685
5951
8126
9652
5546
9236
4204
7464
2538
4351
7418
1455
153
2862
8207
8266
1528
3653
798
3418
8824
8447
1869
986
7514
7653
3741
8053
2113
7086
748
5181
1622
6334
6678
9107
148
7917
9529
7320
2669
466
4156
9758
9690
4796
1498
1514
7701
5706
9532
8462
2148
4990
2932
866
5340
5763
4882
8446
2328
8290
8994
4957
3640
5980
6531
2788
6667
7813
9479
3898
8407
3296
4035
6273
7893
5637
637
7693
3620
8519
6240
4342
4038
3388
2300
1979
159
5348
5972
2323
7404
5511
9034
516
5872
3745
5457
7135
15
6370
2141
643
654
9371
5750
3483
9590
4872
9898
9429
2812
3346
2490
9030
2945
7659
7359
5669
2850
5044
7174
8657
7335
5269
6770
6926
9891
1231
765
7013
4196
3317
5744
7446
5511
8091
6043
2513
1647
7143
3985
2734
4384
1064
5647
590
3945
174
5102
695
4368
7665
6907
911
9698
8021
5413
9528
1492
2574
4160
4630
9047
7890
4298
733
8783
2084
6796
700
9499
7185
4095
7646
4258
5139
1148
3803
1781
252
8088
7753
6213
1227
348
8304
5742
6627
58
8248
9400
4978
5044
5165
5110
2901
1074
4276
4055
597
8705
5774
8079
8172
8983
8868
9365
2588
4103
9973
9139
7888
8329
1447
2575
9677
1125
7455
6705
8247
4993
1396
6927
3234
4967
3797
8874
242
757
7856
1369
8481
5083
4676
6733
2384
4428
1767
2201
2951
1060
8553
8497
3219
2790
2037
2273
9554
6510
9678
7159
9707
8564
5514
1278
8410
2624
7210
1611
5212
9871
6469
2124
5540
4826
5225
7792
5258
4707
2882
3529
4482
7321
1002
3387
9973
4900
4935
2784
1690
1111
8046
6203
5852
9122
2253
7496
114
7948
511
1315
9207
8632
3827
9016
2089
2205
7584
7668
4166
5388
3610
5487
1552
1158
5963
6548
9711
3141
3753
4182
2044
1704
123
7443
7768
4582
4958
3658
3801
8519
6181
7735
228
424
8646
4527
6699
7496
5291
7855
7140
435
2244
9038
3444
5496
3759
3411
7971
1817
6597
2041
1734
9881
6091
3094
5050
2877
1424
7845
6250
5341
236
2851
6355
3709
9102
6285
128
5538
7482
8885
5805
629
1705
590
9084
4754
1374
2120
8699
8230
6113
8008
2467
4411
2498
7113
1783
5873
2477
1946
9092
1740
1340
7551
551
6948
6564
6086
6113
3464
7034
1078
1363
2514
6217
3989
6688
4868
755
9165
1048
2620
1495
2365
8373
3426
3352
1082
4828
3393
3304
3245
7219
7037
8827
5602
5026
5797
7376
4982
609
9716
6768
5802
5748
6858
3962
9407
5114
5199
2696
2836
2623
7869
8948
9140
5678
3071
1904
6383
9487
5830
7397
5744
4845
9770
9113
1585
3453
569
640
632
5953
3524
6477
1623
2994
1121
5725
7221
2327
2233
2821
6571
5354
2683
1050
8837
4353
7826
4803
1724
2573
5247
4191
4300
6052
9778
5981
8797
2868
2673
9450
4433
3942
706
1747
3256
2030
1434
5082
5540
8405
1308
7217
9435
7323
7772
9909
3228
7044
9855
2439
6268
5049
5418
1743
7101
3852
3399
7200
8448
92
1257
5826
4924
7436
4310
5691
6012
4296
3378
813
8215
3753
3239
8074
7058
259
817
9528
9102
9371
3702
4163
4763
9474
1166
2324
2326
8656
6452
8788
6518
4733
9623
9360
6718
5772
1092
9593
7098
1969
9267
4457
7404
6447
4525
2773
6745
4417
446
4235
3189
32
3744
8478
5433
296
6078
239
8083
7862
1229
6013
1913
2135
2522
6050
568
3722
9729
988
5049
9092
566
3760
33
9365
436
9946
8901
7920
5856
6379
5770
2410
845
411
190
4221
543
6647
6426
9649
8704
7101
8885
1456
4355
3263
2713
8911
5007
3172
2300
7450
2740
3307
6265
5995
4772
9646
5691
5517
6603
8722
791
4429
6027
9967
7720
2203
2000
4932
3615
4937
2512
3380
1295
118
7732
2754
8608
2467
487
1319
9547
9449
2665
2822
8230
3208
4149
2513
3474
9760
8354
1201
2201
8786
5755
1639
8147
7079
4133
1588
117
3037
9155
871
6630
383
9126
541
2934
849
4065
4166
9165
9448
3457
8947
8696
8415
2497
1776
3102
725
1884
4091
5347
4747
7562
895
944
1447
662
5766
197
2858
8127
7937
3490
2333
2247
7212
7198
8242
4141
2559
3217
8818
2185
8387
7608
1330
7975
8386
9678
3517
6918
1803
7757
8851
2062
1470
6043
1941
3141
7774
8734
4968
6824
7248
7438
2743
3750
9565
7815
6764
687
8579
2990
1047
1378
8826
7422
6699
4039
9808
1889
3319
883
8415
7955
8921
9394
7634
7640
1931
4955
4775
1918
3629
2588
4250
6533
40
3487
7346
2827
75
9734
1111
5670
9908
8182
4807
6348
1953
6743
292
2428
1518
2946
9838
7964
2274
3139
8791
198
3438
4947
3008
7554
6045
7476
7523
8080
2428
8999
6324
214
9025
118
7514
9813
3080
9376
3705
2279
1523
8555
2845
1386
31
9853
9122
5437
335
5691
8431
6294
8523
8477
3370
4790
4239
814
6432
9131
9981
3904
6478
3556
6571
5801
7738
1268
7369
7026
7750
5621
1053
430
8460
3111
1768
8631
9757
7906
4060
674
6030
3720
111
5106
4773
8347
4800
1250
8856
2430
8005
2364
8756
6340
3650
674
4400
3550
5755
2270
5923
2744
8049
4154
5272
2023
1701
3575
6684
6763
8119
5881
1055
4542
9590
8239
2152
6660
6167
575
1963
3264
6853
2962
5573
3311
5539
4741
6639
7317
4971
2783
8661
8712
8758
1399
6090
5347
1810
287
454
4751
2030
3835
55
8603
5735
151
2394
1358
6257
9829
2800
1501
4260
4177
9126
1864
9422
5052
6760
7511
6332
6655
9941
4853
8497
4164
3849
5061
5273
961
5197
7232
9200
3726
1644
2911
1731
9734
1189
4723
7074
9806
1875
8851
1805
2205
9047
5878
5414
6009
9968
3600
8474
5066
1474
259
9751
127
2490
5642
5170
6392
7553
7460
7031
8964
4175
602
1726
118
9664
3081
8411
5822
7111
6327
3723
8544
2548
631
8257
2505
7095
5828
365
7973
7408
4985
777
7134
8845
1582
8574
1857
3182
5522
1440
5056
6307
6708
9163
928
1794
9611
8768
7875
1461
8089
9305
260
5751
4553
7670
8285
4269
1418
968
8859
5099
9853
335
9476
4911
7179
27
1501
5747
6762
2962
8912
1818
2283
6411
7491
734
3210
1422
1470
3221
6909
7068
8387
6567
7054
2345
540
2930
4979
9114
5382
9760
1592
686
2730
8379
7425
1323
5316
5722
4063
757
779
6288
687
4902
1342
9970
7104
4529
6953
8550
3241
7759
495
6745
3243
8694
9648
2605
4226
8053
5885
8110
1271
1296
9400
3506
8817
3373
8107
854
5999
449
4829
6663
7882
9949
520
3466
3269
7027
2303
5912
2654
9441
4855
3616
2251
2710
9585
5275
8768
1572
1523
1463
5134
7099
7564
2992
6632
2263
5461
6433
6806
9103
9295
1171
7133
826
3663
177
7184
9141
6957
7764
7803
4106
6457
1750
7617
8652
66
3933
2756
6012
5178
9894
9153
7079
7100
4124
8905
5162
7380
2219
9234
193
8797
5565
2206
7910
9088
5057
577
4418
1147
6748
7151
8509
3422
3980
5896
806
1833
2525
5281
6459
5692
5030
9934
7837
1743
8819
7524
4266
5802
1519
194
6835
1724
8358
9759
2199
5708
5346
1162
8676
4954
2646
6253
5608
551
7315
2276
5017
6954
8147
5339
9011
7021
4729
4196
7169
5915
3015
8555
626
7346
8990
8615
145
6362
4933
2139
5137
2322
4227
8309
5061
5384
9947
3788
3470
267
6095
8622
5306
4083
4276
1877
1823
5427
769
7477
9516
1448
4578
6362
9604
1899
2135
4809
5387
216
5559
2418
2538
1827
2254
9376
8686
5219
8825
9783
6249
5895
7092
4568
5326
2550
5527
7472
3932
6923
8267
5038
9451
2908
6941
3205
6122
4810
2531
2167
4983
7712
1030
5351
5976
8694
7168
3722
4599
4781
1881
3947
7320
2945
1700
7014
801
9218
5853
8233
3689
5920
8246
2316
3507
4382
6226
9876
2039
2491
6807
6360
5242
2669
8091
3976
4543
7183
6894
7809
3456
7481
5948
1749
2249
8629
1343
8739
2249
742
4716
933
3334
3071
5159
6110
624
3834
6794
8966
6524
9575
2033
4772
4518
4204
5550
5843
2574
5252
9006
2278
1862
266
6202
9873
3910
6567
6511
3387
9087
2466
1450
4287
4334
6404
6804
6410
1232
9773
6959
2984
6736
7190
1541
1293
4069
1441
2612
735
7732
2936
9757
9045
5391
6550
9949
112
4073
184
8588
4735
1124
1348
3018
7400
9226
3361
6997
8513
7945
2591
2638
9586
9561
4416
9220
8107
5687
4650
8215
1798
2047
2540
7814
5054
2465
347
6314
7648
3390
3649
2116
1964
8962
8021
5815
9392
492
2540
3927
6692
4996
3927
2797
6297
6398
8449
1128
3875
6099
7406
8419
7893
500
7163
3257
9227
9942
3675
9892
4719
2502
9877
8807
4156
8834
8856
5299
3870
1138
4950
4754
2584
8421
27
7226
384
4658
3250
6541
7487
7886
3528
7877
9469
8597
9792
8656
4611
9523
9035
5351
6729
6890
5483
4052
5707
841
2746
3661
2684
2128
5375
1666
8498
6018
5303
8878
7107
4836
5220
1260
2988
1716
4749
708
5030
3141
8689
4576
9261
8214
8618
7542
8326
6243
6593
5627
9461
4523
9180
5640
192
2059
6381
7461
3627
7203
9088
5793
8209
1990
9775
3729
6968
5679
9483
109
1799
1427
5226
7043
9015
9682
3759
2927
5554
5989
9792
5483
3900
948
3660
580
8323
731
2443
4131
4896
702
5426
8266
7747
1645
6923
9658
7026
6362
6794
2212
5307
727
7298
1339
2124
9602
9498
8546
3595
5622
6966
5121
1095
7547
1660
9408
9725
7044
2151
1850
3457
2675
9874
8361
7861
5378
3642
6272
4217
27
4301
1565
1073
6111
6655
4971
8429
7461
9951
8087
2190
8352
7255
5694
1259
1250
1613
3733
4975
9688
73
249
6889
5616
3801
9513
5678
2285
2094
1446
9480
3124
4432
2748
5225
2075
8752
8259
414
8449
4796
2853
364
4222
222
1810
5639
9658
8500
8051
1323
9766
6428
7441
1067
8830
5054
3183
9601
3316
5167
3156
1994
4659
3143
1807
2634
493
8430
6210
6905
8782
1036
117
7031
95
51
3761
1912
6911
6253
4611
304
2397
2176
2311
8454
8148
4649
387
7431
2371
4694
3357
2522
4365
1171
5150
8382
4565
4621
4347
3740
4504
3674
1084
3319
6401
8612
7832
8741
7846
4092
1866
1220
8990
839
4055
8831
6584
4529
7518
1835
6774
48
4425
5620
9391
9776
5020
7884
131
8564
857
806
1954
6605
4322
3568
2121
9085
5618
5985
7237
6405
8025
8608
5000
8253
6907
462
551
5883
5731
987
3644
6020
6317
4185
5558
5265
5289
981
1832
9989
5889
1407
1406
1275
3757
1131
4708
4939
6850
7528
1028
3786
239
4945
2917
714
1251
19
8530
864
274
8867
7919
7395
3020
7832
828
2011
1015
9873
6269
2967
8661
1462
7058
7580
2641
8006
8362
8867
7985
8476
2104
8305
5741
7478
9725
7939
3986
4747
6379
4742
1389
3342
1838
8933
3921
2461
9619
9818
3128
8216
5137
2432
7147
6973
7549
6528
7363
4174
1969
3146
3731
2725
7228
9751
3132
5785
8274
479
8933
8370
2800
4985
8948
6221
1098
5050
5568
2116
9947
138
5934
5222
5463
2595
9476
1257
8479
1877
7751
898
7520
5286
4620
7605
3477
4055
4370
1588
8427
6071
4251
739
5389
9159
9895
7089
8598
1465
6469
4829
7467
8124
1229
5977
665
5675
5760
5708
7799
1622
2177
480
7745
1949
2108
3810
2331
485
6086
2524
1517
9639
5966
8429
9210
8808
5851
5686
8917
7188
1029
7524
8628
1091
9483
6741
2402
4477
605
1152
1335
257
9112
535
6551
7405
8468
1236
4344
3178
9658
698
5243
9222
2451
4157
7632
6675
3015
4820
1571
3032
9085
9050
8173
238
5081
2441
4552
5750
7500
6264
3399
8944
7498
3370
2677
6564
3309
1025
658
2816
7625
8429
7468
1073
8085
8636
8692
2824
2402
4898
5764
6118
7643
770
1047
4991
2176
1911
813
2093
5969
5400
8211
2389
472
4936
5262
645
2193
3134
3257
8566
6723
6330
1764
8078
8910
5220
8678
6820
2727
8565
1309
9922
1741
3795
8984
8070
1463
4268
7564
8204
6785
8818
1650
7043
8622
4350
5485
7656
2170
2208
2235
7301
5945
586
206
9777
4002
6741
1881
7570
1931
7554
3126
1738
2075
5622
954
1031
81
9809
6559
832
5298
9203
3238
9992
4492
6433
2585
9740
9634
187
4810
2217
209
5466
8957
4829
1009
8982
6618
7963
9296
4755
954
9388
1700
5219
7269
2790
2690
7714
9699
3151
3033
6220
4107
7737
4657
3838
8906
6797
7076
2068
1668
9712
5767
5089
1805
9847
29
9790
4926
8694
3960
1628
6936
1169
8815
5591
915
8259
1820
2963
9833
7140
4111
4094
5190
7706
7258
7560
2292
5474
354
4658
5443
8310
296
633
6128
3622
1250
6220
2690
4608
6377
8219
9564
572
2531
2339
5412
8237
965
1471
1303
7824
2185
3387
801
6256
103
5223
3885
9116
670
4142
4138
439
3960
8131
9996
1723
2005
9849
2933
6350
8540
5212
5469
7286
6513
4973
2454
6639
6992
3113
5133
8548
4408
3878
7041
9453
5432
2073
56
3566
9890
7858
8174
6442
8885
4155
4043
8529
1599
3154
8568
943
1845
132
7730
8373
8549
2117
6221
4786
4129
2445
5435
6688
8963
253
4341
1375
2841
9103
1945
4794
7529
6399
5774
63
8375
4683
5862
5829
9551
1130
6704
8750
2780
4668
8579
5190
8529
2806
9306
609
3436
5587
5914
8969
8989
3944
7718
6414
379
2508
498
9297
6706
6998
3187
7934
7003
5714
9321
8214
6245
3375
1239
9877
2965
8834
48
4609
1406
4851
7661
156
1343
4615
2875
2194
7650
31
7400
4488
4758
5937
1421
5454
4620
2111
4473
6075
2183
338
6224
3635
8984
3105
9421
511
6955
3528
6150
3203
8264
464
3738
1594
9379
4609
2262
9060
314
9662
240
6090
5923
5417
4010
7412
2263
755
8502
1588
2047
9332
1415
6051
155
7746
2669
5525
8476
9064
2206
4291
2321
9312
8928
7313
7155
3270
6541
3832
396
7651
7445
7496
1337
5528
5522
5851
7781
3054
7249
5524
4064
6732
1933
5501
6010
442
9308
7319
7527
3749
8488
1112
1479
6889
8796
5651
7890
9888
6370
8616
1727
6769
5726
9045
3200
1784
4344
1537
8646
6489
6990
1273
5484
6291
4872
5301
5441
1870
2846
1501
8957
4955
8369
8584
9000
2112
2746
6874
3882
5091
8824
8581
1235
7729
5344
8298
9585
8248
5243
4386
4701
2047
8587
5381
9236
3874
84
4129
4218
8123
3207
6733
9439
7667
1213
1387
581
7750
9234
2129
8891
2871
3800
2587
1712
386
7572
459
8136
4666
7166
9565
9226
211
2487
4943
2216
3167
7910
9173
6630
5854
1420
4209
3096
5999
397
139
9710
3551
6065
6800
6942
1948
6903
4301
4652
4048
9457
830
2932
5769
6191
3556
6120
9470
7007
9522
5950
6300
8684
5439
7234
6577
9502
2150
5360
6454
8711
8315
3293
4158
8119
6356
2472
246
3829
4709
3915
2262
4149
7896
435
447
7955
567
560
1617
8534
4365
2433
4942
6701
6425
2966
5776
751
8464
1185
5053
7417
5244
8926
9071
9361
4356
4924
1889
1407
1391
6321
7338
27
8429
5378
5185
8055
6655
7210
5057
9147
1099
1912
6175
6794
9595
9076
8747
8046
5077
7212
1929
9221
3602
2399
1502
2606
3015
9652
8787
9772
6828
3145
6237
5868
9685
8394
8242
2686
7488
9975
4598
8477
6874
2370
3677
7235
4306
5809
6739
7965
1924
4559
5973
7708
1424
3535
8049
1674
3904
348
2025
2928
4532
3236
7678
7383
9790
8155
7743
2995
2883
9643
7655
6929
2195
9317
3070
5372
8375
5846
4460
3961
3930
6052
4106
1355
4856
1709
1655
4529
4085
6889
9796
4018
9361
4773
3500
7576
5275
7854
9817
8355
3903
8443
3969
8890
2851
5926
3517
8692
7594
8164
4445
7840
390
2983
4607
4509
636
6286
5966
608
1660
5185
4055
2104
8679
4146
9824
2981
8808
8161
3330
4366
220
2282
3509
7716
1567
2435
2433
5945
8223
3107
9218
6339
2062
8398
7696
4016
2798
2892
9777
8191
4442
7681
3729
1035
3306
7763
1255
7146
9053
4108
2741
1720
7139
848
9427
2436
1429
2025
470
7587
1385
8237
3020
4203
9358
2326
6712
510
5596
2235
8392
1385
4601
1142
6498
6925
7607
9794
36
7235
7717
2650
3102
7072
7024
9297
7514
4513
9940
5791
1928
2021
6496
8383
3865
2348
4741
1407
808
431
4044
4503
138
2160
9510
8345
9466
8971
6314
1828
899
7310
288
1157
7649
6786
2964
5736
7483
4664
2393
3606
9506
8373
9468
5065
6070
1760
4464
3083
9735
1755
5323
4319
1968
789
6263
3753
3602
5714
4926
9321
5507
3129
4423
402
8321
3942
5178
9387
3508
2914
4114
5417
5069
3759
1384
755
1634
8021
9844
714
739
7534
497
499
205
889
6779
9906
6682
4417
7201
6926
867
2151
387
9913
9516
8139
3574
6116
7378
4045
3671
3801
7254
3920
5924
6979
8855
6918
1138
6901
2020
5695
1519
637
1213
5086
6554
967
7030
8931
9474
6305
9266
1003
7961
6958
2773
9268
3293
5782
6077
9416
5763
3052
3006
9811
7961
5036
3899
6492
909
7003
6260
6082
4946
4132
3632
3617
7258
9123
6601
2829
9150
9841
7039
7332
5391
9159
2233
3503
2549
2760
7556
9334
3613
2543
4257
1604
9795
6414
4875
30
7182
5366
5471
7898
9349
4093
3222
3779
1332
6402
1023
413
6796
4187
6865
8170
3703
235
955
5692
5940
3678
2533
2627
4178
1043
2464
7775
5661
1092
6107
2148
763
202
7049
2005
7646
1048
5657
3789
5350
5885
9853
8611
7339
1868
424
8052
9823
5806
1833
7001
4202
1268
2079
3249
4630
6858
7771
5038
9263
6976
1598
5893
870
5863
7590
3771
6943
4243
682
5551
5965
9804
5245
393
4947
7254
576
378
8069
964
5438
5324
9525
7741
63
6846
5284
8816
5781
4856
4746
2099
8752
7392
6833
6311
1679
6160
1734
3820
2230
1758
8386
857
9449
7631
7672
7579
8676
9677
3574
3843
6577
6037
2457
719
3660
1523
2864
8671
2107
9625
3542
8596
8378
3133
251
4782
9261
1144
6417
8899
9721
1483
8663
3455
4551
5693
400
547
9401
6346
1145
4964
5423
3616
7709
3198
3753
2948
4427
7403
6299
9902
2961
4983
6554
7576
9492
4546
8864
8412
2493
4474
3142
4692
8009
8283
8539
5204
9462
557
4805
8693
7394
6800
6683
1490
4656
7841
6397
4644
1448
4417
8034
5220
2700
7597
2847
727
8932
2022
7510
3295
4648
8075
8491
6195
6600
473
5964
1972
2614
1561
8230
3181
8842
12
2664
9687
7091
6748
7877
1257
8749
4270
9823
1374
3463
3665
1931
1273
85
6816
4887
7052
8841
750
3583
8305
4701
2313
6440
5715
8617
6759
3365
2340
8067
3605
7191
728
8172
8102
4288
6119
908
7929
6012
1399
9603
1910
6515
2649
7377
339
5576
5545
6706
3938
7811
2128
6563
7886
2694
6243
5129
6486
4847
4772
4847
4825
1876
4195
1163
4863
9095
5268
395
8370
2791
4093
654
482
222
7804
5529
2706
3173
6240
2912
3294
8078
7679
2500
4442
6667
528
8003
4973
23
4933
9891
6714
9125
6063
8749
7772
5604
4047
5637
9774
6497
6970
9344
5619
1748
1145
1787
4894
3288
532
733
3796
3531
1261
9129
2716
2471
7329
340
3205
3494
2231
3315
6268
406
3836
4771
5243
1465
4537
6613
2623
3891
1362
7028
3392
6344
9058
1843
8670
7563
5655
426
7417
2250
3990
4732
1564
4162
8181
9848
1048
434
1551
9117
7426
6524
1525
6880
3368
9900
179
8811
6468
8365
8559
1027
2031
2057
8628
8893
8091
5748
217
7628
6937
9273
6495
6181
1599
8582
5536
1705
9503
1540
4266
9435
8744
1107
904
4464
2203
2740
794
8080
8735
1100
9380
8028
4302
2731
3687
577
9588
4284
6322
4953
5193
2688
6101
2961
5325
4974
1830
5473
325
9683
1278
956
5478
3823
9454
3340
5838
9781
2862
3817
1431
7122
6807
6194
7508
3982
1461
2698
2375
6602
7969
7122
3888
8487
1087
1686
6266
2483
7922
6016
438
4065
2947
237
7925
992
1048
9783
5983
9140
4626
2317
634
5878
2828
7899
7970
1641
9417
5933
9690
118
9106
5208
2177
1598
1260
5576
8203
9780
9177
4236
2121
4049
5577
2640
9103
402
6045
9919
1227
4851
6827
4476
3865
1691
1271
5398
3497
7225
7914
6040
6103
9180
8827
8232
9825
9457
9178
4260
3341
2134
4978
3918
2913
8320
9870
555
267
6452
8045
3174
2720
6162
7184
3280
8725
6481
4335
4199
1325
7725
5176
1971
9203
3250
2680
6849
4252
3238
3317
2089
4759
9524
8384
4468
1495
7742
3139
2205
1853
6220
685
5748
9763
3951
9915
94
1667
3602
8583
8735
2175
5639
4770
7164
6421
9175
9909
3141
5395
5525
5088
770
9075
4026
9468
2788
8362
3177
908
6276
8745
6551
8105
6568
3412
8822
1262
7564
1888
6452
3617
1713
9335
7520
4218
9482
8679
259
330
2706
7607
9932
4700
3607
1918
9633
6023
1100
9736
6676
2600
2181
6169
8971
6818
7010
5101
7738
5770
8129
8171
5038
2595
4469
8208
3618
4033
4019
6490
9862
8143
9441
1961
4098
5646
146
6528
1899
3336
9820
3323
1633
7191
1415
6966
4174
4978
4918
2551
9381
173
2246
5922
3484
4725
5331
1424
8753
1629
6746
5102
4909
7251
953
295
5469
5431
791
5799
3338
4600
773
1090
9229
6635
8292
8596
6239
8778
8367
5601
6995
7933
1805
8251
1355
2158
3555
4426
6340
9401
8422
9161
3110
8850
2841
4015
9765
8096
6755
2436
8660
1065
7484
8427
8788
4662
7100
4745
9480
4513
897
2470
2574
224
4819
5472
2427
2647
6838
1857
547
1693
1254
3587
7534
3279
3443
5066
5429
7855
7297
1916
1517
7872
4673
405
8422
9867
9904
3564
2972
695
7470
6622
4946
4343
7730
988
8253
5808
6855
4114
4502
5668
2264
8428
2579
3575
5203
4415
2587
9252
5377
8101
5715
3401
1564
717
5053
232
2623
856
772
7949
6028
678
6080
5331
3195
2341
9094
9988
604
879
2745
3002
9267
5326
3624
8305
937
3503
1022
4664
4762
1471
3022
6253
9598
8329
5640
7510
7061
3498
9152
246
6878
2049
7953
885
1776
9012
1620
6212
561
7248
2577
6297
4390
7428
5631
5740
4528
180
9583
2977
3195
1502
1762
6967
79
755
2640
4279
9272
9207
659
7890
3424
7147
4198
722
8657
1928
7796
8697
7705
5876
2998
7769
7098
413
3960
9328
7880
9722
849
5440
9346
1500
9678
94
3124
5241
7023
7674
6641
6870
1448
5982
8443
1613
2592
7262
8313
1657
1314
2566
2075
5787
2742
973
2004
5434
5641
6048
6880
9789
5700
4332
4249
3487
7858
2685
2924
5302
6261
5047
2196
8879
4349
7703
1353
4140
6557
5042
2158
1420
6220
9890
4000
4389
9395
3431
3739
957
1586
9111
2845
6083
5054
8829
2488
8405
5905
4825
2502
5425
9777
7500
1524
4741
2944
4125
3951
9979
5691
6746
6897
1070
6362
5837
2576
8019
9878
8435
7443
93
2767
4488
3332
6491
7933
3282
7164
802
441
3474
632
4681
7565
6240
3303
5418
9347
8092
1221
5980
8914
5665
8796
3881
4322
4276
3699
5173
3780
1390
2355
5490
5776
1560
1286
8070
4549
7992
8447
151
8513
5414
6863
2427
285
6270
5181
523
1856
9921
1732
5681
8543
2062
1763
4013
504
698
1682
3064
9144
5922
9568
6939
9988
6450
7386
7417
1430
62
9025
410
8195
5495
2469
7711
5143
495
467
2346
6290
4139
5301
160
394
5143
3484
2699
8784
3543
5734
1297
8226
4593
6077
1071
4428
1080
235
7483
5785
7174
9667
9935
2104
3744
3922
446
3334
1790
7725
2591
6385
632
6211
3939
6235
4577
2551
5274
7416
7670
2748
3708
6793
3153
7259
9448
2058
1220
1864
9164
5201
1277
1391
5151
9484
233
780
7480
6660
1558
5906
2716
9877
5257
5521
379
8450
6956
599
3785
1656
9080
1421
4211
3305
310
6492
7985
6679
9843
6460
5709
345
2260
7475
4200
1313
8944
954
7233
9571
4353
1933
3254
6487
1943
2795
5111
6402
2768
5734
5315
8569
1700
1171
3718
3585
6150
1893
7613
5849
4980
2778
9882
922
4701
9813
3733
2644
7162
1034
1180
4763
111
3151
4540
8286
7925
7097
9864
7521
6955
8250
3714
9805
6700
3099
7016
6860
7707
8130
2863
6995
5586
8984
1713
619
9175
2529
7055
1774
1290
7028
150
5300
2290
5212
6005
784
3345
8112
7798
1382
4016
1888
708
7528
4002
1139
2700
1054
105
6719
8212
5269
363
7788
5454
7928
5591
5089
6859
558
5254
4378
2488
9885
9372
2334
6961
1431
1782
6170
3798
3974
1804
2538
5573
6586
8064
3776
5843
6268
3971
7678
4640
6765
6561
9890
1599
8628
8609
5694
9603
70
9958
2078
5668
6703
1024
2311
2145
393
5843
786
4491
36
272
9879
5181
6060
453
87
601
6684
2758
2417
910
5189
4422
8050
4599
2152
6749
7952
1622
8464
6329
9783
2836
8847
8133
8329
4972
3680
7447
2147
6214
7026
778
7685
9894
5649
5858
7938
3191
5964
6276
2116
5712
3170
5666
7591
1734
8502
7328
6616
2132
7290
1942
4177
4813
4126
1472
4845
9327
2183
2956
8131
626
7848
2782
3189
7103
9984
4761
4215
2069
3431
216
9904
7872
4355
9717
7973
210
7720
6354
3414
6583
7416
6036
6286
8437
252
5523
9542
2009
9348
8144
6061
2399
9565
3185
6188
3578
6892
6980
7337
3676
4255
281
3064
3626
8298
8990
3651
5122
2690
7150
1697
7701
5058
2822
8044
1524
7280
8990
8040
5539
932
4707
3574
4107
6445
7594
4372
3405
8653
3938
7399
1409
1086
6522
4485
3920
1029
6307
8912
6800
2839
1690
6511
7725
8027
2061
8810
3465
3321
3868
6081
6914
6220
9489
707
8766
3960
8726
6127
5068
8218
9888
5149
83
5323
5192
8987
4000
9582
2734
7635
4913
2615
4870
4023
1266
6105
5273
593
3626
7149
2516
6928
3259
9658
9897
5578
7314
525
4617
8269
6961
6048
1395
7074
8182
7839
8747
3939
4168
6347
6636
9171
8454
2159
8440
5185
149
1746
5075
9185
6423
1503
6618
3146
6241
2921
6079
695
5727
1873
4942
8872
8197
2277
1898
306
7875
843
3922
1536
1663
1790
3102
3853
7642
5756
2863
8548
2777
7005
9236
7549
6012
5047
6027
1756
6420
2248
2428
5599
47
4779
584
7008
5854
7676
4342
421
1347
5414
574
2258
9902
2053
1698
2168
1546
3594
6216
1077
883
2355
9595
1078
7672
5840
6217
7568
3101
9248
3704
2060
3434
562
6845
9327
4041
16
8306
919
223
9233
3216
8675
29
4885
7373
4012
5510
843
6374
7982
1744
3730
5333
8966
5503
4957
1066
6927
6608
9443
9253
9333
4508
7103
5334
881
9740
5618
3985
1333
8621
9620
8909
9905
5562
8385
3925
7163
7207
6924
8857
1693
3680
8645
8311
3663
1873
4974
4914
7355
2831
8493
3826
2541
5090
2750
7469
6788
5141
4270
375
6649
3380
4730
5950
3821
3692
5281
5899
2229
4228
3271
5585
4238
2081
2610
7601
3786
6965
8446
7069
9403
8411
6493
4264
3170
9941
6204
6709
3664
4850
4434
2574
5959
4269
286
5465
6471
5949
2594
4863
8043
3662
2232
4279
1797
4482
9355
8763
7548
941
3049
1589
5444
1456
764
5117
3457
3179
9891
5904
8079
3873
2484
1747
3
4360
564
632
9958
7118
472
6988
1884
1995
5661
3361
7152
6731
9466
9697
8941
2823
7988
1020
2178
8952
8270
5875
1116
5610
8420
6181
2665
4967
7041
134
357
2927
9716
1825
3165
6943
6658
4074
188
4699
1703
1381
8795
4211
4263
4586
2204
5516
4524
6265
8577
7190
2927
813
3730
7386
8764
3249
5424
9137
7704
2648
8176
1664
5489
3585
1147
602
6522
1365
3358
1323
1564
9991
6149
2998
2802
1551
9030
4247
8633
2528
4041
6340
7025
201
5053
8019
5087
9808
8321
7334
9312
3996
9022
1635
771
747
5580
286
753
692
5939
2816
3636
8969
6545
993
7890
3841
2036
9118
1848
6744
3318
3128
9453
7678
1141
2264
4440
1838
9794
2470
5727
8688
8695
3381
3337
625
1788
5950
9918
3973
3525
3341
6241
284
9752
3828
4271
9751
2805
2858
9009
603
9236
1544
6195
2069
1888
7908
5100
2618
1455
6287
3095
2496
5695
2824
6296
6415
4840
8831
5766
6924
1242
2792
7533
9992
9783
582
4384
1901
8630
2027
8330
6774
4931
4186
4580
3414
205
7101
4562
4332
4281
4847
971
5401
4596
6698
734
2732
1164
5608
9772
1534
5339
1606
622
9646
995
8744
882
2015
2425
9856
8604
7805
9004
6725
2533
9781
8312
7933
318
6392
8614
4770
6423
2854
6691
965
1801
9066
2148
8551
3135
8655
643
9490
8802
3275
9043
852
3873
6966
325
461
6693
8640
9005
9607
7581
4236
3903
3630
9494
2374
5136
360
6416
4490
1368
2083
4143
1559
2473
9486
2572
575
2531
7591
8597
6189
1603
2647
3531
9404
461
9587
777
6266
8914
2439
4096
5273
6763
2964
5182
4445
2079
3044
7590
7476
6154
5903
8952
9298
1853
2920
7113
7148
1504
8855
862
449
2003
9976
9300
9159
7313
8642
3379
9067
1013
8128
1024
6951
9548
787
9574
3850
2469
993
2250
3285
3674
6902
3584
8972
3552
7295
5600
1131
7776
8617
784
8805
7599
5003
2194
182
9846
2959
2924
4371
6632
9697
4474
2245
9412
697
2052
5163
9939
2980
642
2405
4046
1364
356
9595
9329
6663
2900
6558
2492
6804
3912
4749
1154
2924
2139
1624
1276
8401
7587
7406
5602
9458
3211
5072
1819
9526
4930
5173
437
8496
4056
9752
242
4669
8286
9268
917
7724
597
5065
6856
3317
8111
9771
5568
5791
3009
3429
7159
3968
1548
3302
4271
3897
123
8498
6506
8918
2711
2986
1342
1951
5913
35
8967
6064
6892
4484
9956
2687
9791
1580
3219
5952
3038
6687
2446
6282
4028
588
9480
3693
7843
6640
843
9825
3147
5807
2727
3741
6378
3158
2558
1408
1243
8277
2004
1154
4231
6326
9311
313
7113
6222
9484
3387
7747
2237
9743
996
830
6948
1856
1373
5634
4344
2136
7595
9045
9163
1389
5912
7615
5282
2650
9938
7258
2414
5300
9725
2536
3605
2235
3340
8847
6426
9880
2995
1497
3920
7084
5166
9054
3297
3593
7988
7045
679
1457
4764
6744
4470
8216
7180
4748
8288
5147
2220
1758
2144
7428
4217
1166
3601
706
4805
1389
9784
7
7034
5818
9427
7106
3704
2733
2081
5362
914
5672
2734
4597
8660
7755
5005
1821
2473
2039
1109
1666
3957
6900
7157
7925
7981
8149
7066
8007
1363
1421
3723
9491
6828
1287
7377
6036
9582
8285
9062
8907
8071
1419
3403
9186
8718
9457
1932
1491
2128
4238
3737
3367
9003
7322
938
8995
6477
2914
3642
6704
8370
3109
9472
2475
2447
7570
1720
3853
1332
4743
9194
3311
4412
8536
8073
4471
2739
8013
1987
7480
8262
7349
6876
5337
6780
1889
8547
1518
3075
800
5960
5250
5742
2372
6829
5228
2446
5633
3810
8987
9670
5741
4692
5126
1693
7712
705
2338
5935
7078
4217
4478
8651
8161
985
5316
4460
1254
5170
6175
7294
1062
7840
754
4006
6636
6981
2079
5889
1059
3967
2332
8388
5530
342
4427
419
2279
3911
1613
9707
5575
1456
2011
3964
2499
6538
4714
5028
7334
7954
5426
1322
4976
6551
8512
7970
3414
7180
1765
4744
6547
5608
1096
8692
8927
6896
8075
2725
5431
1999
8209
5211
7905
1178
1896
8294
891
5856
9120
1510
9241
7110
3952
4681
8843
4896
4841
7907
5623
3173
2365
4323
1718
7038
6830
1198
6426
5432
8686
9340
9243
5936
7864
5156
6443
8706
2368
1925
4109
7610
1042
2889
7644
4856
4771
8445
8278
2382
9875
5612
252
7673
6418
5899
1252
5395
4158
1369
7566
3249
4535
4481
4393
5190
7216
530
8283
9541
4562
1127
1586
812
4058
1917
3952
1641
8851
8236
5438
9487
7175
6212
1113
1892
6834
2991
705
3082
7150
9668
6990
5278
2750
2830
4825
1930
3078
7752
6573
8581
4627
7087
9263
5992
9801
2427
4730
3467
837
4363
208
4703
1916
1636
9269
3285
1173
626
8814
5230
9064
2281
5297
4008
8576
2657
4487
9100
7634
6694
5385
9555
5090
6552
313
520
1730
1823
9540
8465
900
6953
5044
3518
6046
1854
8033
1247
1362
4329
8832
394
3155
3116
4328
9791
9554
9498
5716
6851
6652
6270
3392
3651
2974
1867
8655
9476
5554
384
8088
6449
8667
8677
7621
6489
2769
5893
4729
936
9928
1370
7177
5344
2191
9348
2324
6466
2864
2092
5152
867
3304
6888
7853
6377
6811
9085
423
5494
2490
1542
7975
2616
7150
7510
7703
9414
3460
8825
6107
7196
7211
6458
2964
6355
528
2888
5075
5531
8571
9480
3517
9529
1102
9113
2925
1423
2695
3848
8069
6657
5015
1935
1500
8550
5041
8933
4962
7602
7190
8104
6992
4111
6317
4321
1855
3824
7875
480
7981
2676
2796
3280
1601
74
1351
7431
2747
1957
586
8031
7531
2788
8548
7501
3216
766
2433
1341
436
7487
3792
7612
1189
6968
4803
7376
9041
7097
3093
2330
2600
4634
9320
7651
5732
9937
3390
2757
1903
73
4634
847
9481
3118
1122
5796
1069
6070
7230
3841
9317
5503
133
3651
481
8671
8671
7720
2623
7091
7016
1876
9358
4329
280
8069
9318
8179
437
6108
2790
8353
9368
3648
805
2215
3176
9093
8802
8715
714
1300
2785
5411
8875
59
8507
6997
4737
187
3001
7158
5112
7320
2099
9927
8303
5878
1540
3865
7142
6267
2990
558
1758
593
4593
1307
3129
8141
9213
7134
7384
7969
1481
2239
103
4908
3283
9695
4664
616
7171
1793
7153
1494
6300
7959
6237
9113
4785
7021
7876
8567
1112
3624
3886
2854
9710
569
21
4710
9705
6517
4758
8823
6620
804
178
7162
3347
5326
2698
1283
8261
2702
1443
4664
943
8773
8911
2555
264
5670
287
6897
9003
5630
7065
5987
1931
2319
4536
3446
2822
7642
7772
1323
8721
3668
977
5328
8807
71
4526
8913
6543
7523
1817
764
8320
7543
199
174
2557
3594
1968
7120
1821
9016
2266
4674
8169
4920
7395
7912
3999
7902
1904
8690
9792
1469
2588
3540
5651
2635
7620
2570
846
7706
7455
3703
5406
2490
7270
4054
6310
1980
2021
8701
7698
1935
650
2137
5391
4768
5428
4323
9376
5259
9767
2825
4388
9946
3696
5743
7559
9728
8655
4929
2495
4317
7140
3545
5623
6248
6969
9292
9172
8971
4776
5829
4206
2233
4254
4161
941
8669
5063
4999
2901
5663
4672
8074
1177
7595
2941
8888
359
9688
3821
8609
8490
3676
4548
8215
4555
7851
1588
1753
8164
9458
9413
1510
3786
5201
1994
7717
5686
1111
9899
2508
2540
8886
2056
719
7838
3154
4759
8595
9025
1147
7650
8865
164
8683
2548
5411
7969
5725
378
516
8666
9968
3620
3731
1086
1040
4129
3156
9719
8904
5637
7078
5670
9941
9209
3127
8018
2687
7224
2648
3862
3541
8570
7878
4375
5480
8293
7441
9360
6825
3859
1646
1223
3959
8803
5648
3669
6696
4581
1249
1794
5526
399
8729
7783
414
974
64
6017
6284
5652
8960
7737
1129
9277
8673
665
5204
2321
4745
4269
6376
504
2914
9737
2686
3768
1122
5477
506
8607
4983
3794
2791
742
5060
1811
5953
7084
4403
8767
1633
1356
2702
9901
4979
2745
3829
9193
9863
3368
6047
8783
3075
6919
8529
7158
8815
7825
595
1128
9614
4290
8927
7007
3576
6452
525
2447
7216
7969
1235
3379
2516
9642
1071
271
2686
6875
8825
5984
6642
1802
3276
6223
1497
7934
8405
4833
1838
7577
5691
9863
6035
9996
1512
3335
8762
8780
4328
6099
4271
7151
9606
9244
1420
4332
9474
5148
9081
9827
4206
1012
5389
247
2329
9416
3897
6197
7553
490
7672
1247
3479
1212
6953
3459
360
4349
7186
3091
7125
7343
2481
2111
4856
8423
7877
4318
9916
4135
6659
2841
2108
6891
3273
5326
1635
5251
8977
7575
2009
3471
8255
7627
7909
2388
484
8764
428
6437
4390
7037
220
4119
567
4657
7353
7577
1432
6735
4657
1691
5405
3865
6967
2304
8246
6456
8470
1603
8511
3573
7231
2815
5163
416
6030
956
75
6975
965
1477
7628
9175
6432
139
6246
4046
1982
6332
3556
8097
2348
2081
6484
3484
8741
4943
4931
389
3611
60
8214
7946
8801
5907
8707
297
6
9717
789
5550
4628
3723
7843
1992
2046
5361
2541
52
4083
7819
2701
4160
8957
5383
8319
9952
2192
2621
8709
671
6774
807
8152
4891
7674
8626
151
3545
4903
1221
3007
5987
6014
4721
4735
7196
4226
8096
8712
4003
2806
419
3414
1329
7585
6229
251
5435
2943
7976
5751
1602
1449
6851
1793
3457
1151
4450
3568
7412
1216
2341
7695
8556
5339
1410
8081
7290
6618
6489
8625
8250
5968
1009
7917
3993
6510
4630
5993
1510
6985
9315
4112
8136
1792
6956
2708
4873
7031
6151
4032
4995
2438
4721
534
287
4908
9703
9789
9472
900
5888
4197
5049
4995
3797
6032
7026
4371
6877
9494
6951
7772
7139
1334
8151
4115
4690
699
2669
7585
1819
7416
2427
7093
348
1983
6250
3060
5627
635
9100
2579
5994
2586
7531
2450
5686
8234
1925
1939
4708
9152
3303
9869
3031
8583
3355
8574
9174
4203
9725
9092
5127
9099
5000
329
4650
8523
553
9420
7784
4078
629
22
1504
8253
1413
7404
8762
6090
1890
6850
1648
3183
7142
5268
8525
1035
2392
4638
4041
3069
7833
8803
2149
8319
5877
752
6690
3848
9208
2352
525
6544
3810
1977
2949
3256
8434
381
5710
7289
9926
1087
8284
3402
8472
9067
4145
5548
5499
3548
3868
2139
3394
8933
9351
5483
8915
4104
9895
547
3449
7622
9766
1531
3649
2208
5200
9503
5119
4368
864
5777
5108
8336
6487
5386
1741
3528
4300
4498
6153
8791
101
7493
2292
8289
7020
8132
4866
7684
5834
7062
2348
8415
2062
8309
3896
7165
1304
1296
9354
9354
1903
6733
1799
4998
5902
3010
9579
3008
8622
4006
7788
1695
884
1814
5266
8606
9471
8552
43
2819
5632
6499
4530
6766
3847
2463
667
4290
7163
9723
7532
2266
9176
7507
6730
7301
5165
8349
135
2064
4578
5351
3412
6272
1774
5846
1175
7779
4868
6096
4977
473
2009
6451
7559
1556
3918
9072
6713
4059
1513
1484
2158
7039
2156
708
6994
4623
6539
2894
7743
5055
5761
5037
5123
4661
2759
934
5108
632
9800
240
4066
2427
1703
6713
207
5084
5958
410
447
6752
1430
3958
7325
8686
3767
8997
9401
1306
3768
4728
5067
1758
6695
1489
4952
1099
8567
5933
512
8739
4650
7798
4544
1239
1237
1496
8805
4025
1454
64
1128
1303
568
8156
3271
1573
7285
5533
9743
2942
5997
4829
1693
446
6343
202
4853
1888
9094
5375
2043
4087
1805
576
4227
6717
1511
4086
6124
6042
5592
4305
2211
5234
9026
6447
9579
8599
8905
8424
9387
4703
7473
4872
2231
2110
5537
9708
6616
7200
1960
6208
428
5726
8729
3315
3313
1112
2984
4781
7954
6437
423
7287
1903
5988
4194
2089
1417
1957
1692
2781
1006
4978
4504
7568
3044
5486
8618
8806
1423
3889
7566
1347
4079
613
2590
8949
4148
6045
6292
5314
6559
4123
5663
9622
3868
9701
7149
97
6636
7
170
9425
7368
3841
8581
3723
1903
3612
8064
6714
7335
3462
8149
3509
4603
4977
1542
7497
9768
7891
4026
9272
4118
9644
8548
2896
6418
700
4771
5904
1638
3432
9575
6041
1740
2011
6258
140
1929
6700
6836
873
5552
5000
8619
9379
4897
8831
8431
6625
7565
4698
3149
5838
8871
3258
5883
3973
8393
6475
5191
3983
9302
1990
8878
2059
1183
8896
8566
3528
9168
5313
724
511
1733
3135
2969
123
5765
5658
1518
872
9535
2260
7882
883
8896
1976
6951
4800
1467
2487
455
5029
1800
8513
8488
2703
212
5793
3365
7414
5023
416
5598
6119
3443
121
2473
1759
6791
384
3542
2983
1168
4905
1321
2719
1444
1724
6524
5556
5683
8630
1504
4040
1650
5059
92
9840
8682
7243
3162
3136
1858
9274
2791
1008
9952
7586
3577
6501
2584
6528
9273
6831
8865
6583
3423
276
3745
4043
9860
5678
5214
559
4808
3779
6884
6006
3390
467
2157
6856
4266
6396
5086
5862
4162
2069
8537
5617
1990
6737
955
9280
8846
2683
7217
3484
9239
4958
1844
3322
2715
7384
7139
3046
9351
733
7516
7824
6444
3834
9414
7909
2792
3379
2374
7101
8612
2612
6834
9724
4901
4874
7359
8390
5036
800
5410
4052
500
3135
3030
9758
1000
6851
9945
1463
1758
4625
9006
9537
2443
1466
6969
3762
4363
6656
6977
7515
7699
9781
4140
1724
1531
5751
6677
454
3245
3236
9927
2864
6120
291
1059
6846
5020
6568
3005
9682
192
7219
5822
700
6040
7148
7858
8555
877
5227
2055
4598
8495
3790
5418
8889
8265
3267
8317
3860
9116
8209
7646
7231
9748
186
80
3467
7293
2145
4
6555
1696
4188
5853
9153
9918
7690
2241
9988
5481
51
4746
792
3553
3601
962
3235
7695
7448
3939
7616
7281
9134
6266
342
1243
4822
9203
7805
2617
9002
9262
4904
7932
2339
3164
3405
9798
3503
3626
1389
6520
203
6314
6653
9364
9317
873
452
6709
1595
8168
9545
8815
8064
980
3078
1791
2858
5492
6886
1701
5109
6366
9633
7932
8661
5673
4137
9256
5363
1142
9389
7576
9508
8374
9242
3563
3776
3827
9790
4080
3077
5876
1409
9251
9034
9288
2939
7438
8377
7988
9882
6641
439
3472
3895
8593
7894
3117
7866
2747
9189
9288
7643
6463
304
9817
7985
1833
5544
6059
4116
5864
7323
6435
1342
148
7055
1347
7281
5352
9699
198
5352
3168
7952
5538
5872
2016
4702
4702
9299
1471
8226
3318
4356
869
9610
4119
3099
9727
3975
3415
7423
7588
8971
2473
2527
9522
5596
4981
4530
4728
1527
3760
1420
9314
4186
1856
3597
6335
9307
8568
9979
3486
5133
9755
8221
7437
7984
9747
1608
2168
9319
1569
7566
9482
9592
4952
986
9789
1558
5359
5752
6051
6261
3620
499
5428
7913
9180
351
925
2124
8026
7179
9083
1291
8153
1255
5175
4060
7729
9611
7707
3982
8981
13
9857
3751
8235
6115
2911
8308
5670
4761
9372
5230
4153
8369
2398
7880
5464
9786
639
8574
9577
7052
9700
79
8106
9668
3862
4337
2801
4064
3113
5900
6315
4780
8008
7807
8565
4010
4422
4334
1370
4259
8038
7255
5222
3738
2346
1044
6345
683
5140
9759
7372
1349
5080
2667
8595
6961
2007
2937
9691
5144
5685
308
5861
247
399
7322
6865
2080
9386
6172
2449
8753
7564
7493
9048
5202
9179
6101
2797
860
2863
9864
6372
2321
123
2048
5216
3206
8538
7940
1753
2023
8651
5740
9849
4969
3353
6578
2984
1484
6727
3720
6777
3487
593
9807
2049
105
7005
1653
4659
1493
2474
9127
501
8737
1623
2192
9431
290
3063
7326
1596
8449
1388
2270
5892
9955
8813
5026
1514
5037
4752
5052
4546
9303
5457
7508
5079
7781
7225
8937
9074
9377
8559
9630
1829
4870
9938
7451
6040
2150
1934
8920
4052
1621
963
2825
5963
6816
6547
8947
799
7447
4888
3123
3369
6580
2394
6085
5865
8202
8719
9406
9612
7313
6624
2308
5684
249
8673
5918
4971
3509
2040
6113
9750
2436
4108
2893
4763
4819
1412
6194
3346
6804
9907
8781
7681
3697
9362
2311
9193
3130
3408
7617
8910
5324
8456
8582
1069
4905
6923
3882
5498
2920
6855
1474
6224
1245
4607
6415
165
4452
5396
227
4724
2107
94
7497
7487
7755
8252
2313
6589
8947
7797
8926
1911
4342
5943
6525
3497
1996
2377
1475
6657
2120
3122
5809
7259
3768
1648
1781
4224
2450
7275
3533
782
4962
7808
4776
7915
8294
9631
5858
8086
893
4267
7617
3770
5540
1088
2524
2096
8476
2483
1591
1647
9770
60
4734
1434
4076
8252
2148
5695
8779
7227
1755
5532
4140
3424
2304
840
861
4692
6793
1786
8724
8261
9426
2586
9652
4997
9460
4276
3024
9586
8797
1313
3280
3596
5369
5126
8102
871
2533
3386
9755
9159
3488
5882
9837
3391
8697
4046
6206
2129
8137
4188
2629
7962
6030
6228
524
2381
3650
9942
3898
4401
8763
9811
8536
631
1522
7250
1187
6218
7355
9281
947
5989
4877
1196
9466
4487
9158
3356
119
4303
138
5413
7732
1609
8416
526
4613
1895
1097
9216
7179
1061
2062
1697
3059
1066
5479
2906
5877
976
4583
9507
1658
8661
621
6579
680
1198
5632
3367
902
5888
8335
8130
2353
3437
6877
179
8342
7995
9894
2509
7497
501
3091
5614
8858
2655
5802
1931
7921
2338
832
1948
2014
4601
2804
5975
275
5493
1530
3485
7828
5893
7996
63
3311
3695
7798
7815
4460
8242
3356
7730
453
3853
8746
8844
6796
336
9147
7283
6821
6188
2037
9847
6747
1427
8116
9637
4470
496
5323
2470
4159
7910
929
7009
2204
8793
1949
8939
1658
3430
3029
819
671
2648
6299
3613
6982
6683
9388
2189
8248
6168
8466
3153
4168
1474
4068
4106
2849
5509
9497
1375
4935
5256
6290
7919
7947
2521
8654
8699
8206
8995
6133
5439
1245
3950
5927
4218
306
750
5980
8445
5833
9566
7613
1893
9179
3448
4060
7929
2438
5744
4075
7512
1688
3224
7719
538
9064
2466
2110
5594
8037
28
8873
9263
9894
1496
1682
1942
7547
6532
7236
1867
3145
9073
3205
8165
8906
4811
6928
3828
2818
3215
5636
128
7639
5426
8583
7345
2258
1306
5816
3374
6525
8669
6261
6008
5307
6128
3198
765
8491
7745
6523
8667
1001
8071
7203
9007
2122
1049
5852
7250
6988
5354
1979
5525
5851
7309
2974
2526
4445
9212
6538
736
6571
7199
9273
8309
9219
5520
1640
4922
3058
7779
2724
6826
3140
9687
1707
4739
8814
9867
3177
7877
1203
6410
5256
9036
327
3808
9320
6502
9351
4767
5831
4824
9349
7176
9086
39
8977
3604
3266
8638
461
1379
7845
1843
6172
4654
6325
5081
1250
2298
6098
7363
7551
7399
6356
4758
3503
7954
2570
9946
3166
4008
1096
6423
2926
506
8859
2249
3439
2458
8303
1642
1294
8914
1295
8747
9803
103
323
8109
2571
813
5512
3367
4190
9000
3774
4335
3869
6339
3140
8491
9033
698
4436
8497
9381
9626
582
4183
4277
7977
2713
1112
6105
9625
5792
8277
8496
8944
623
1264
6135
6329
9265
3953
2614
6634
2309
3125
385
7427
1441
4572
8599
7600
3282
3576
8759
4231
5300
6097
617
5249
5944
555
6187
7575
8584
2883
6357
9582
9184
5279
1489
1845
5215
5724
1753
5923
8822
4038
1626
204
9650
2536
2245
4512
5128
9437
1635
177
3136
9464
3966
2590
6414
5513
3674
5876
5947
344
8214
8282
866
2082
8899
1601
2836
8454
721
7052
7608
760
2107
5446
9441
514
1363
9518
3367
7347
467
3440
9249
4227
8452
750
1587
1935
2014
7718
440
7487
3863
2191
1593
1543
9384
1206
1733
8377
4456
2185
2328
8674
4545
3739
2161
5031
1066
2310
3496
1801
96
8495
8959
9471
6017
5490
3262
1040
2802
1496
3182
1726
676
2541
8465
3486
1922
51
7331
426
5077
137
4262
3895
692
3047
1726
1070
4760
9490
3462
1669
3128
1982
4014
1514
1015
875
1565
3736
2125
8392
9022
2963
9350
4154
4314
731
7821
7477
4367
9708
6309
5368
5918
7382
7031
4666
9003
7721
2412
6544
7768
5232
8698
9044
7664
5172
4414
4548
6371
5878
2086
9353
5708
9938
32
818
8294
3058
3876
5449
5235
2253
444
9168
9740
8386
6581
3552
558
4458
3415
6000
1939
507
5442
6416
109
9909
788
4963
9569
2362
143
9953
7182
463
2027
6064
8316
9967
6601
4656
6903
4948
9303
5838
3303
5890
4245
8023
2109
3909
7713
9752
3893
4278
3428
5515
9
9614
2468
492
6115
5989
8774
8102
165
6721
5881
4198
4105
3710
190
5224
7230
9309
2074
4305
5359
1979
6304
1728
3919
5396
3631
5239
3328
4908
9616
763
6210
3251
4913
5070
155
1785
3582
9040
8795
4187
1656
3208
1606
9025
1286
1509
264
3130
3820
4163
2398
1723
8795
4483
5344
2425
8820
5425
3544
6122
2529
1795
1741
6002
7903
1315
20
7073
7674
9974
5264
9248
1711
9561
7723
5239
2393
5104
6817
6677
2074
4711
8373
9909
2796
8773
832
1595
1679
5039
1601
8717
5044
2815
5664
4336
8041
2979
6127
1593
4538
1519
9607
4397
3262
7686
7926
506
2589
4232
4692
5633
7315
5329
7290
9774
7827
1316
4557
9695
4259
6501
2620
3943
6318
5626
3869
4162
1953
828
7082
2633
7318
4640
3869
8627
4520
3484
8377
791
577
883
4466
4409
1744
3508
5188
6241
4623
5254
27
9929
1253
2436
9381
7112
1123
6047
87
7647
7031
674
9339
5881
4399
9137
6047
150
1534
9674
4559
1156
9798
4960
6786
3852
2469
1704
2505
7488
654
8379
1656
8091
344
9701
4221
7524
3924
2718
7628
6490
8360
8430
5432
190
5131
9067
8348
4475
2688
8184
7659
1625
2925
4781
1579
8934
9334
3435
316
1452
3006
7523
529
4770
4740
8633
121
670
7482
5245
2642
1702
7906
5471
853
3615
6282
3704
2329
9618
9563
7744
9348
908
5034
3984
4195
8520
8552
6194
5992
9418
9681
3132
5008
4451
4234
3019
999
1946
3735
3748
5570
8995
7416
2233
9534
2445
9542
5451
6871
9060
4669
8305
2617
8220
8872
7798
3808
6385
2013
7160
9909
493
5454
2256
4727
8072
8548
9533
8898
8383
4629
6069
5021
6238
6926
9334
9671
3849
7055
6567
1160
933
1812
7309
4193
6956
6456
5100
7871
3793
2795
6543
7461
6807
2109
2795
2323
3086
8887
63
5329
290
4269
6074
1540
836
3550
2812
1734
2234
852
2561
7085
3178
9921
10
3413
5725
6042
9841
4122
921
4094
52
3105
6948
1999
4322
3855
9063
6269
2880
4511
7816
1342
7047
1030
1453
4804
3297
6471
9017
3962
5215
1179
4011
3969
5941
1991
5763
3492
9108
4473
3772
859
1151
921
6039
2046
6794
6661
361
7137
4756
9436
5379
2769
8325
8757
6175
6052
510
1000
2400
861
3644
8267
9523
2483
17
6826
6502
3625
4835
2668
6628
3934
1965
3094
2012
6713
4288
3968
8107
8825
2109
1617
5796
5796
8286
9748
7314
6914
3591
2051
124
6118
8189
7608
980
606
1243
3776
5553
3526
3964
2044
6563
9018
4943
3315
4283
3986
67
9161
1989
5960
6961
4823
5105
3726
2042
4096
