38
7719
1238
2437
8855
1797
8365
2285
450
612
5853
8100
1142
281
537
5921
8945
6285
2997
4680
976
1891
1655
5906
8457
1323
8881
2240
9725
2278
2446
590
840
8587
6907
1237
3611
2617
2456
867
9533
6878
8223
7887
1597
584
2212
1111
7578
7066
7629
9404
2279
3505
4388
1649
2329
7176
2331
9264
2114
4136
6928
1102
1652
8404
4337
7856
5598
4772
4097
3213
4683
6703
5260
5942
2747
7375
8871
8004
6673
3152
1819
3504
239
4186
2804
8937
3023
335
533
1393
6020
1574
5983
3961
624
7065
7569
2830
4167
2236
1249
3636
5619
5727
2700
4323
4922
2774
6811
2062
3565
5191
119
8747
6050
9620
6334
5968
7524
3577
5046
5531
4458
9272
6530
2134
2581
435
1667
9160
6814
9642
976
2527
3823
1094
1768
9244
3824
4021
807
9296
6726
4263
3640
1062
9047
5080
747
5328
113
1183
6759
2743
6891
1494
7361
9133
8572
8651
8254
8470
3019
3974
8821
822
1910
1452
248
2156
9911
3475
6436
719
6388
1255
3447
8840
8854
6493
4755
1841
6204
6167
4816
6556
2001
5927
214
4551
9083
2279
1674
4846
7014
1799
6665
5537
2560
6952
5875
360
86
5850
522
1733
9455
257
5468
9097
8775
2141
8940
9177
5743
281
6616
9122
2147
2612
391
8523
9132
1695
65
9306
1175
5879
1027
4233
4053
947
8482
9162
7701
3744
3456
2745
4591
6859
2814
1313
5794
2654
4065
6018
2577
6783
8888
594
7208
8405
1676
4497
9334
477
8120
7025
2630
252
1372
2245
1966
1061
6157
2489
859
2110
8575
1940
4364
926
693
1897
4415
2089
9992
2660
5081
4896
8311
6979
7978
6354
6958
3698
3136
3703
3258
5643
7723
2383
1803
6526
3009
9190
2475
9502
8578
8251
3854
1884
3102
2754
7035
6952
54
5782
2298
1637
1
8115
8126
9517
7232
6323
6532
8965
9588
726
9453
4193
6478
2088
5529
6267
6727
4894
7572
752
1857
7361
1910
4619
1806
6910
9093
1207
112
2493
126
4335
6912
5905
5364
840
1426
6063
5336
2610
7801
1330
8937
1402
8135
7071
8701
9508
7192
7540
2609
3719
3680
2518
9998
3801
3234
2236
4077
4621
1203
8870
1101
5449
8222
2002
5314
1581
4536
5679
5711
8561
2487
2339
2199
5695
6687
1851
2113
2065
5149
2466
4234
5579
7943
6387
5551
8092
8516
3538
1291
1314
6392
5608
1950
4684
6403
3341
8751
2691
1451
5932
7411
1291
3958
9313
1823
9654
7036
1605
1194
3067
3100
3742
5654
3205
3295
3984
641
5006
4378
1593
2759
5102
7960
9596
4042
591
2295
3900
8548
8659
6273
4395
2060
3047
9822
3779
4808
25
6072
3861
6018
7721
1919
6945
1102
4860
2062
3749
9211
2599
382
8681
7064
3962
4633
1770
8920
2266
9570
3621
7529
9827
5091
9303
4226
2158
3287
1539
3019
8784
9897
4035
6833
1779
844
9154
298
8505
1325
3706
5381
3933
614
4122
1046
2797
7125
3722
2769
9349
1964
8417
5077
9005
7673
8471
4811
3031
8697
4359
3807
9297
8297
2663
2990
6002
877
3419
6752
1794
6308
1462
7913
3690
8604
4899
9802
6207
2594
2164
6413
2025
1581
1240
1601
3161
8540
7602
7666
2314
2156
5512
2781
4630
5806
4329
9554
2764
9689
4290
539
3777
2524
819
2972
4326
6871
573
4988
2952
4650
6159
8083
6557
7821
8242
1300
4493
354
7521
8509
5503
904
7005
2108
2007
642
5344
693
4988
6712
2288
1681
5966
9163
2391
1369
1607
9070
5600
6515
4257
1652
2660
7884
2521
1221
9847
8327
1059
8837
4172
6005
1407
2246
2352
2213
5578
5772
533
2446
3367
2513
7741
2299
6799
6331
9147
5782
1847
8923
9780
5320
2738
2872
5435
1631
7270
6843
2446
8929
3379
5083
5851
5153
3841
1852
3799
1776
4729
2308
912
9333
1911
7726
5873
7232
8878
7187
7478
1835
4669
8517
577
594
705
2333
4444
8709
1467
888
6704
7611
1667
2174
3206
1129
8237
7156
2331
6036
7467
8882
7081
2211
707
5814
7252
5113
1731
266
594
9793
3010
4468
9727
8090
4632
7741
6463
1445
1857
9621
2021
7133
7533
7941
308
2055
5036
5028
436
5721
8729
7806
4760
9344
388
8609
7341
5597
4580
8858
2357
1792
349
7296
469
1815
6222
6015
6156
9576
190
2136
997
1278
5049
1127
8046
6849
757
1334
6570
8121
8682
608
2020
3635
9361
2471
4181
2133
6347
2698
3448
143
3478
2049
2012
4034
8572
6059
7770
4710
4300
3131
503
7622
5213
2462
2428
2911
2464
5840
6229
6010
6118
800
358
933
2114
433
6244
888
7343
3506
739
6262
9733
2144
7836
803
8936
457
6210
8630
866
133
4453
1999
419
9121
118
2282
7766
5612
5340
3188
2293
5574
5318
8957
9215
1749
9042
127
4809
6681
5150
47
9763
3827
4621
9201
7037
6546
1500
2224
3273
734
1653
6798
8290
7496
7364
6105
350
3313
4104
2784
2624
4106
332
4532
3473
7884
8519
834
1216
9609
8256
2191
7527
8947
3318
7333
6752
2572
480
6558
4824
893
3488
4366
7843
3195
2765
5702
1680
4439
6993
7877
2222
2020
2256
194
9311
6526
426
5016
7660
6122
3987
1873
7529
3880
6385
1558
4427
8768
6181
101
5527
3868
1774
9141
5020
1042
8346
9798
2068
86
8911
8108
359
1389
6457
3118
8929
2036
949
1241
7701
9266
1389
7371
7586
8907
9476
2029
7797
4583
5685
8736
7007
6818
5367
1051
8232
9541
180
1763
6835
1413
1802
1373
6004
6267
7265
2352
7840
532
6078
6335
9060
8538
1863
7141
6057
4370
5288
9921
1526
8679
6726
7445
1430
8663
9090
8281
44
4716
528
9605
4612
5182
3577
4895
5052
7160
5822
1586
2099
4808
2238
5376
6384
2650
233
8744
1846
679
9717
7435
2743
3402
9393
1388
1511
9459
3737
8343
4418
736
2937
8740
2880
985
3653
3083
327
6554
3929
7449
1074
2182
7356
4468
4018
5066
2602
2684
5474
3840
163
2259
9967
3078
1662
366
503
9326
9906
4236
6081
6519
9910
1990
4126
1244
7414
2440
8814
619
201
5680
7446
2808
6402
9044
464
7395
1268
4104
6932
5463
8297
1408
1414
4021
1092
1587
512
3985
8630
7217
2849
7434
7998
1286
4150
1216
7284
4959
2728
7505
3912
2188
1670
2437
4774
1719
9460
8763
5341
21
5060
7219
1760
7386
4997
3453
3133
2434
5881
9218
5212
5101
7771
834
4410
1498
2064
4525
8887
6423
141
1814
9452
296
5818
5189
2145
9974
7830
6444
4590
7626
2011
6380
4161
6491
2787
584
8351
3859
2570
6410
926
3961
822
2213
5938
4907
293
2092
6582
873
9894
4593
798
2426
4203
9711
6923
1241
396
7996
1135
8752
480
5818
8913
3272
6552
6605
2435
2528
4316
9778
4082
892
3370
125
7262
2896
4572
3203
1771
6141
1146
1642
9814
1178
7215
5789
9020
9511
8912
1893
2216
9870
3707
2932
7099
3308
9452
3620
657
2511
8166
1904
657
4015
2016
1265
8182
4257
8413
4443
1820
8314
9361
9673
3484
6561
5793
502
4316
7033
6522
5821
7424
7629
8244
1796
6838
5965
7112
8485
1713
6984
8944
7133
1971
5242
4751
1544
3617
728
8641
765
66
7273
323
7381
6680
3223
9718
6530
194
2614
8832
9454
1473
7781
3956
8242
4985
1635
2083
1736
8346
9300
3091
6482
1472
9204
2031
1628
840
378
5391
9951
1349
8385
5049
5448
8321
451
1016
2153
5543
551
2844
6143
9729
6253
1250
6468
9901
6199
1078
8661
6726
4682
9286
8262
7952
2629
169
324
2243
1458
2111
2619
4780
3579
4250
8234
3520
2174
558
1252
5219
3395
789
8456
1609
6382
6615
3507
3146
2097
504
8228
5371
1300
5057
848
634
2199
9011
6728
5338
2390
5562
2216
5441
5806
31
9313
6974
5264
2528
9465
8350
3027
6292
3713
2720
3375
1545
1991
3320
24
6465
5853
7922
6423
5709
986
248
6687
4264
848
2757
702
279
5022
9914
6275
1423
1478
8496
2927
6119
1873
32
6815
9904
7378
5488
2617
6387
4616
2223
4468
6457
8936
7602
7501
2625
5483
1792
4824
8557
9140
5019
1331
1342
5684
7984
7217
2690
6737
257
4086
6602
2548
6864
3150
1873
2435
7455
4131
9258
2447
8694
8175
441
6862
8293
6622
7733
2283
698
4664
9756
5580
9461
9389
8215
6148
9243
1889
9488
779
5080
3995
5330
9467
1415
4217
6607
8316
4055
9814
4360
1074
2006
2142
7000
7157
6225
513
3505
1090
2208
2519
4348
5056
1308
1859
7067
1189
3714
4571
8866
6810
2604
855
1429
7900
6062
7687
3747
5365
5838
1738
3668
7227
1239
6700
5486
7638
2752
543
8494
5512
1993
190
1286
1672
9205
366
5681
9487
8463
566
8639
6183
5894
4737
7341
8721
8074
561
8788
1446
5708
6614
8006
7696
5905
4895
8340
4266
4344
3792
6259
3685
5532
1573
6448
1516
315
6709
2386
8714
6520
1739
9711
7771
4830
3121
3282
8400
7302
2558
2459
871
1691
8562
439
7643
2556
3567
6001
519
9826
8139
1977
4881
8738
515
7108
4357
757
97
3285
7678
2422
9905
987
1357
7180
3665
1082
707
6793
7191
9646
4401
4161
3576
5645
9522
3711
581
301
791
8677
9944
8599
8436
1795
192
8538
1945
3466
6074
6098
788
6673
6209
5530
1476
8599
3127
351
545
1098
1764
2167
2010
1384
589
3315
8623
3396
7593
2769
8689
4427
4673
6853
3750
855
9270
1864
5249
2035
5895
3553
2514
1281
7282
564
3578
4329
5675
5704
114
3506
1836
8766
124
9510
412
4750
1369
1601
1746
1860
2573
9562
7963
9083
1360
1877
7435
680
1686
4104
5456
8923
161
2525
9085
242
3398
7496
5654
6142
9981
8809
3991
7881
9917
1508
5722
728
1480
9823
6745
190
4482
5083
7328
9874
9096
5719
935
8274
2351
3505
9759
1559
6634
9886
7530
1178
2048
3581
6512
2904
780
7767
5839
4882
711
1001
2146
6408
5508
1061
1781
72
5674
950
7688
2657
7623
5811
8739
9324
8627
6422
6745
6893
7667
4348
5088
1383
5391
5951
7408
6078
3206
2643
6009
9297
2113
3967
7178
9191
8373
9821
9839
744
3852
6707
1371
8640
8742
6018
9142
976
44
5854
9001
2598
9062
8399
792
4094
1277
7560
1070
6296
1859
2743
4160
348
1874
1500
2954
5324
2291
3805
4927
1145
8704
1481
2576
7880
8780
7244
3162
4533
8113
8226
980
2425
2217
3263
857
8409
8465
2015
8708
1967
3099
2265
969
1421
5268
9817
4556
1599
7846
7758
2076
1600
6366
2289
1215
8208
2432
3592
1140
8228
3561
2314
7317
1742
9670
1668
6364
8655
7699
2507
5095
346
4423
7986
911
8363
5710
4718
6165
5352
8454
6856
7342
4903
9422
9572
769
5232
4460
3440
8910
9988
3566
9246
50
2622
2948
9541
1112
6089
8940
2885
3490
9234
6157
9882
1176
8415
4136
8195
2144
7232
7595
6083
5038
773
5208
2279
7662
6177
759
3898
560
1901
4519
8038
323
8752
7482
9851
2694
6125
8594
3813
3483
1438
5926
9433
5516
1280
5162
6287
5954
8430
4350
855
6036
322
1973
8325
2957
506
8984
8047
9505
5752
4796
57
2225
4364
8770
4302
6957
1109
5054
6610
4842
1382
5258
6854
4245
822
5388
2924
4006
8986
3397
6395
3927
9895
2715
2437
5127
2067
7929
6007
4650
251
3685
9024
1716
4235
7907
7798
3542
3081
392
4950
1976
1266
7442
3866
7624
5065
5094
7152
7346
1181
9481
1128
4400
4459
6883
4462
4515
4180
9217
1098
5923
1041
5227
2084
2163
1987
6053
5051
3113
1007
8665
7623
6701
6603
6900
3693
2479
34
6544
5908
1662
3374
2947
9446
326
6983
7606
4905
1642
9014
7304
8143
4275
5151
9908
426
1575
719
7200
1204
7357
785
375
8542
5472
3448
890
2759
6658
4840
8450
5712
51
2773
6969
2781
9442
6289
2762
1086
8900
2048
9478
3471
4450
383
4665
8669
8135
7908
6476
2907
6219
2471
8012
6739
9386
1169
6731
8992
9033
3828
1509
8203
249
8827
4789
1301
2204
6435
3913
981
8856
3771
5859
9378
9450
4856
1186
1012
9132
6044
769
3846
3434
8583
4974
6366
9714
2447
110
7360
6731
1036
95
2911
1863
9831
782
3909
7323
5636
7370
2150
8718
9053
2168
2432
3296
226
9304
4006
2030
926
871
909
995
3035
2183
1158
6833
3272
1245
3262
3440
1898
7801
1714
214
1857
3851
2711
2840
9037
356
2808
335
2241
4187
7937
1039
1238
9137
396
1700
7202
4871
9722
4686
4971
1470
5509
6830
4647
4255
6371
5569
8774
204
4381
6957
4290
1270
2385
2282
5941
7617
757
2963
9292
6069
7165
1516
635
8951
1438
4886
1761
9223
7412
8546
9389
9419
6161
2130
9185
3324
7863
8854
6486
9326
264
6693
2593
8678
5276
2970
884
9272
8915
7729
1176
9263
2891
6290
2553
1760
7348
5742
7570
4912
2610
407
9291
6293
7747
8101
1744
9931
2114
1750
4020
6409
6603
5893
6
707
7999
479
2563
8497
8091
8706
4940
3583
9396
1783
825
9798
5158
5825
3677
6827
9917
6358
9068
1574
1715
9214
1563
9462
7771
2042
7288
6372
2989
8438
5849
1429
1444
4178
8297
3844
4212
1837
944
1679
9696
8835
674
3440
7019
4106
6907
7150
8205
6279
2809
3957
168
2886
123
9060
2220
3001
6360
8886
9672
2848
4451
9444
6929
1690
3406
1385
24
7707
7325
6261
5543
3151
5324
6117
2972
8654
4627
3667
2314
8305
8761
4122
3100
8404
2215
2542
4347
1692
6542
73
946
7818
8987
8952
5584
8896
138
3640
4461
4308
1066
8411
193
5923
3855
2175
5409
488
3053
4225
8587
1597
2100
3661
7317
9697
1479
2714
1777
666
4529
2500
68
8381
3178
4217
8966
1004
6598
9577
3276
7039
1391
6503
2869
6598
580
9637
4610
2494
3410
7807
2106
6338
3234
1687
7516
3636
6563
9057
870
1804
3946
719
1573
8048
4055
7872
2910
1477
1657
7380
7341
3173
1908
51
9836
8417
3971
4047
7671
7736
5769
7927
9453
6505
1196
2686
6281
3430
2196
5579
3953
9706
8112
2962
655
6668
6426
5379
1983
6500
5580
1681
5416
2925
1234
3094
7790
8411
9426
4629
7879
8383
5210
6464
3181
7098
1945
6971
5780
5230
881
4657
396
5531
4507
2213
392
4264
1179
2267
5024
1584
2789
1864
1381
8384
8529
3576
467
6333
9275
2591
2571
9547
5662
8130
114
5836
3905
7462
6068
9829
3970
8729
8301
1464
3075
2368
682
5501
2515
9665
1307
3266
174
8226
5931
741
6263
1201
4803
1263
5541
53
6972
8211
8827
469
3043
2535
2429
1832
2322
2659
592
3068
8973
7944
5153
2075
2075
2451
5177
4299
9910
6337
8783
5813
5955
2437
5758
9577
4773
536
1640
6655
6959
8768
2492
3857
6266
2500
1492
2503
9302
3791
418
4083
7988
3668
1772
3663
7475
1825
1685
2963
345
3846
6590
587
2389
6711
573
9608
323
9744
6221
2950
7999
249
2214
4270
2813
2059
5838
7277
2424
706
1968
2709
2426
6659
893
1442
4908
7743
3408
5279
6398
5401
1269
6026
2361
2516
5885
5030
7363
8272
9323
4240
5139
1863
6867
516
7221
5795
8836
4240
2224
1059
1539
5481
5334
7662
170
8941
284
6199
9489
9241
3356
1633
4652
6524
4279
676
1876
7947
8846
6528
683
2278
9618
9154
8634
1467
2762
4853
8013
2394
8822
8843
3202
4537
1266
1212
1421
3369
6333
3358
5152
136
5242
5894
8265
1224
2742
6654
2044
527
923
3175
4195
9729
9493
6145
5779
1596
8676
8633
6129
2722
225
3761
2645
7612
3508
5638
622
3916
9205
31
6165
8852
9281
865
566
181
1935
6091
3197
539
6788
670
3453
2311
7940
3196
8807
3741
1242
4790
105
2656
6794
4622
565
6970
4085
7524
8979
8992
4637
4431
8841
4644
2505
7482
4170
973
1162
9266
8221
5813
63
2493
1745
8354
6023
845
2605
5271
9942
308
1020
1611
6777
410
6504
8778
2061
4477
6326
3451
3484
6649
36
4066
5146
7704
4158
9319
2079
1100
5014
9783
1414
7611
6517
9241
4390
4265
1533
4691
8526
2124
9650
2685
774
4748
2249
3734
1395
5130
494
8599
1724
4179
5452
6501
8939
4516
9769
8459
4230
1152
320
8711
7471
7088
9379
4499
7112
6043
1568
7799
9483
6502
6467
957
4505
5901
1197
3669
4161
6370
2404
7723
3219
7461
8571
2469
4357
9158
4403
5313
2279
6391
8657
1695
6370
9173
4402
5642
2310
3400
9229
8765
8500
5193
3336
7955
1577
9540
1758
480
4557
4414
3743
3326
1418
505
6184
7019
3377
9429
3924
6017
3241
3961
7859
6197
4985
4210
2587
629
1528
8203
8812
1819
1075
6510
4584
1655
5183
5978
1187
6125
2128
5430
2055
1594
4889
3028
2859
797
6709
1385
8357
8691
2021
7341
6302
4211
1690
798
6325
2172
8662
2490
3462
6795
8670
4252
1468
7553
6403
2934
7284
933
1314
4913
2885
3462
2856
6624
2013
5588
3801
6572
7421
2367
3107
5723
8440
1632
831
258
472
6663
4424
7405
1330
6356
8719
3244
6635
9290
8669
2769
5626
8064
6362
6615
400
778
1358
7525
7605
4936
5607
5859
4997
8062
1643
173
9275
6116
8254
8773
9580
4174
8485
9805
6648
5998
156
7638
5197
2488
533
8019
5100
743
258
2545
8464
2910
7093
4907
4140
6290
1813
8376
1892
1542
2356
3624
4350
6454
1312
9712
6826
2297
1798
114
9729
6817
3421
8769
1962
1988
1202
7555
3443
560
1952
8503
637
7370
9107
4281
6664
1624
845
1507
1378
6720
7864
4727
5290
7040
3324
8539
617
2304
1508
7235
3124
7205
460
2837
7595
9079
3934
5961
3397
6404
1901
4080
1872
9190
1569
1335
3539
1283
2629
9196
8119
2261
3133
5696
8726
9561
1884
6205
754
4683
8804
6409
1001
6690
9184
5995
3527
9799
5407
9694
1020
8300
2065
1589
2352
4315
999
1934
1973
8444
5830
5338
3708
3275
1020
7227
138
8537
3318
4686
6732
9138
5537
5819
2536
4864
3472
955
2582
1102
1886
9850
5680
799
7604
2669
3653
3439
1804
3814
1412
9114
7847
8693
4968
6860
3965
6353
5550
9625
9923
6983
7743
9054
1442
2754
5754
1383
9781
4220
1745
9154
290
7700
2823
2356
717
4449
7048
3707
746
6582
7386
4900
7586
742
7347
1022
5063
282
4299
5775
5499
7120
7139
5333
302
7446
9222
9807
9463
2247
7695
2109
1589
6389
139
3189
2342
617
7968
1480
2471
2791
8734
7476
5453
3989
3221
5755
9764
3629
728
2772
5350
2912
2433
9792
2094
1998
6516
2688
909
6356
4040
7334
5709
3701
9699
4649
2149
4812
1542
4028
3980
9632
7609
1345
5057
1961
199
5802
5866
114
3566
4768
3515
7664
9136
3464
842
3154
2829
6483
4017
7818
6853
5876
3859
363
5816
3688
3011
5538
9824
8913
4625
3402
3938
2147
4278
4747
7281
4051
9058
1939
3779
5980
4
1240
5848
2132
9530
5068
1128
7710
7417
4465
828
769
671
8975
1649
1786
7608
4021
4568
4605
4414
8876
3729
50
2500
7922
393
909
7380
2101
5649
3454
4631
1758
6402
9723
9654
2065
7694
8491
2942
2386
360
1492
3129
4010
5366
1558
1819
2506
8917
8794
170
4399
3535
822
2306
8087
5161
7698
6760
9315
2304
7072
2109
8365
4325
7687
6133
7580
9349
1008
9464
1461
2302
6741
569
2884
6751
2919
3030
7036
5712
1151
4911
1259
450
8599
6090
2865
1368
7721
2709
4163
1878
5080
2494
1227
4537
1151
9008
5218
6231
279
1823
7057
4904
4428
7446
2116
597
6914
2895
1904
7488
2260
2931
5383
421
2045
3906
3673
5727
730
8629
173
8589
5792
737
8769
8886
7226
671
3230
1787
9686
9131
3871
6109
1681
8874
3939
2239
1888
3503
5201
3709
2992
1951
7340
4397
3728
2851
183
180
1230
3038
7210
7197
350
4368
5974
1685
6706
1402
7270
10
2679
3699
2086
8022
9308
4011
4152
1398
1785
1214
3269
5232
2365
2042
5105
6644
744
1525
3090
2530
7403
9577
5314
3004
2732
4113
6083
1405
9598
8297
4866
5435
5537
2112
2911
5209
102
8209
4268
1728
613
6659
6244
8144
1378
8398
1295
4737
8558
8959
9651
5806
1114
1470
1932
164
2513
6669
591
3447
662
1875
3723
1446
140
9690
8578
3632
8837
870
7671
6808
3517
3672
9752
7157
7479
8561
3165
2332
5464
6763
7073
7202
1747
8132
6385
5068
2101
8540
7555
138
5570
5009
6185
3668
1199
489
2342
1715
1202
4817
2384
2451
2935
7587
8742
4983
100
7965
916
5326
9823
4207
1893
8069
9599
7492
936
5725
6736
6662
7750
3502
1979
156
9235
9340
6260
7301
1251
2041
7638
5225
9375
5019
4140
2477
888
191
7890
7160
1084
3998
1132
7604
8902
4991
9716
6439
4186
7918
4490
2242
4049
9723
3991
3193
34
3478
5698
4421
7843
6890
2263
6855
3182
2487
773
6686
422
6580
3175
6282
380
3636
645
9234
6685
3177
828
1443
447
7975
1803
5225
9276
1914
7695
6819
2077
1642
5490
7650
1211
9934
1183
2355
6818
5071
3769
4526
9832
9342
268
6125
5692
73
6292
2880
9314
3066
3645
8561
3134
5536
2411
7060
2814
114
2859
1617
109
8241
1674
8756
8710
7309
9716
5029
2406
9067
5199
6276
2629
8902
7161
9831
3013
7988
7760
3832
7420
3722
5329
4504
3071
9090
2882
5161
7840
9595
4004
3290
6906
9922
5891
1011
8713
2080
4096
2228
9472
6852
1665
2026
6117
1539
6599
2898
8511
9837
5872
3344
7123
6674
9486
1106
1259
6596
921
8448
249
1486
6560
2663
6491
2182
5381
6423
623
1471
8074
4730
2184
5810
902
2294
3089
1533
7772
8708
226
5853
1518
4177
1105
377
1710
2549
5034
398
1526
4579
5266
2146
713
5680
1992
1059
7448
8504
4862
2400
9081
2893
2119
2171
710
9105
2897
4557
6322
2998
9140
650
1185
595
299
215
6808
8138
211
5081
9762
5480
834
9327
325
7869
1179
8675
4997
9501
2878
1485
3767
4966
1028
9945
1721
8754
380
3210
9872
9391
5344
8319
1425
62
1132
8500
500
2297
8943
6844
4598
6280
4226
3246
1246
2646
9225
2158
994
399
4376
6733
7995
1548
7001
6451
7399
3507
6939
2556
6957
1097
6332
4561
4390
4313
4890
1705
8794
1802
3558
4127
9528
3611
8202
5510
8539
4082
8717
7482
4009
918
8388
5849
6845
5593
1067
9554
6808
4362
2229
6284
3635
1978
9776
90
7832
9358
7277
1533
5842
1316
1023
9755
6418
1145
6545
191
947
298
6876
5633
8208
5050
1129
3464
9077
708
8900
5965
4612
6593
6931
3313
9641
8251
2454
4465
6799
4403
8862
5545
548
7856
2946
3255
7194
7450
9600
8290
6432
2838
5569
9211
7825
2754
6448
3906
971
5620
812
4636
3
8670
9980
3955
3927
8484
4083
5023
7475
7393
165
9300
5496
6327
1112
1307
9386
6437
7662
2198
7705
2830
9602
286
2691
2728
2608
5663
4183
3106
7291
6135
8845
3337
6873
987
4660
9133
3489
2410
572
544
3801
9750
2486
3983
9177
5600
3353
2451
5892
6771
8390
9290
7351
8084
2702
7938
2738
6920
3426
4902
5160
6039
8762
4844
8594
8575
9226
9005
2440
5052
707
4807
2338
775
8070
432
5436
8365
2287
8572
6633
6561
4095
817
2905
4068
8889
4553
9918
7252
1554
6791
6955
6003
2979
638
2686
3354
5920
2030
1808
5757
9790
9872
2138
5952
9713
5940
1130
7914
2211
4920
4326
4745
9644
6668
4992
247
4046
8549
3787
1468
640
2447
9853
8227
5854
2438
9414
8881
3327
7254
5408
4035
9799
1393
8886
3016
6861
353
9370
336
7519
4815
8898
6962
3541
8452
6979
244
7636
797
7777
5766
277
3428
134
8224
9045
3469
1137
7342
941
8846
6160
6552
3844
2067
993
2167
5412
8640
5141
565
9898
3081
1302
8549
1810
2894
4107
2691
883
7515
8042
6044
2663
3647
4253
4817
4270
155
168
1688
243
6094
7161
9444
2335
558
5121
4998
476
3657
6370
1316
6636
6045
3514
9000
1388
9077
1791
2300
6147
5349
59
7894
5824
6600
1611
4606
1619
424
8146
727
6393
637
6147
7693
4046
7033
7262
2796
9151
612
90
5842
622
8772
1301
1974
5657
1200
5624
8792
5852
9684
2031
5530
3158
1975
2407
3040
9546
2011
2200
5732
6536
4773
5493
6829
7819
4862
1665
3777
2211
2601
6277
3481
2038
5062
8688
820
5522
4118
7534
734
5255
176
1484
1170
2819
739
8090
574
5501
4781
481
4902
4262
4844
520
5692
8093
4451
8066
5854
9650
6767
6778
4112
4973
7451
7954
1356
32
9504
2392
7
5210
5217
1434
2885
9405
54
3675
976
6371
3943
470
3365
7917
619
115
6432
6603
2177
5528
8330
675
1984
850
927
5275
2746
7940
8021
8521
6918
9710
6265
9406
1934
8690
9516
6734
3894
9891
9631
804
5135
6831
410
3987
6986
8879
8979
8991
8688
8604
2973
941
5634
9620
4895
9929
957
8509
7719
5703
1040
3642
5246
1596
8961
5547
2990
7837
4124
6570
1393
8584
5501
3555
7788
6482
5649
6051
9340
8192
5064
101
8480
3626
8526
7161
3063
5981
6362
2246
1515
6577
1670
2977
7694
9434
896
3631
3235
2194
496
3719
9969
4023
6459
8427
1411
3088
1735
2744
1300
7206
4961
4924
4937
7281
6587
6648
8559
6081
1978
3831
2935
4286
959
3918
5967
9570
1076
7283
1572
5733
2345
3218
9604
8105
5391
4718
4120
711
9958
246
7490
169
9698
7929
7667
5210
8099
4202
6752
2939
2325
663
6902
6728
8948
2838
203
9786
2644
177
9015
9134
4129
7125
628
806
5650
3957
5682
2702
148
1716
8318
8513
4868
7763
3379
2701
3692
2279
4625
405
5122
1166
5261
1014
8029
5220
1082
3468
6410
8705
743
9525
5422
2134
5608
6006
7629
9768
5561
7165
7258
491
7504
2039
335
4098
8483
3186
1887
1814
4170
4086
5131
3094
2326
5168
5714
6718
2594
4063
220
5819
4393
4946
6457
9581
1496
4881
7685
2958
150
5884
4127
4546
9313
609
6395
3167
6314
3154
9092
7312
6228
3493
3078
6916
6568
7502
4635
4860
2045
618
7892
2725
8999
3725
1514
5443
253
6975
917
3663
7231
7091
3181
3730
1320
6920
383
3922
7136
1699
5763
6220
6646
8204
1196
6899
3388
4472
2543
119
7282
9479
4744
1658
3288
5103
8297
8639
9918
1897
1155
5812
7055
1002
4730
834
4413
9268
1141
1874
8142
974
8548
3394
120
5090
7685
5561
5113
4518
9543
9303
2234
5357
7600
5872
5684
302
4093
1658
772
2085
2041
3285
9563
7049
1440
7755
2793
1550
5171
8024
3451
8507
910
2796
9122
4927
5016
1982
999
5296
3628
4931
8604
1332
6486
2416
6004
1459
4079
8236
245
8349
9341
2057
6093
8344
6629
9333
5667
2188
1554
9931
6880
2115
9738
8560
2205
3019
4399
731
2766
910
5139
1396
1408
2244
5696
6593
6527
999
5783
5676
779
6023
4168
825
444
2751
7665
9511
3859
3512
2570
644
3635
4988
3200
2230
2928
5806
5776
168
7991
7448
9543
4961
6206
9605
3800
4731
6461
9488
4621
1459
9822
4349
833
4844
5040
4582
5342
2409
5970
7913
4771
2539
4158
3376
8424
9991
3700
4256
7828
9676
5017
7447
191
4835
7407
3919
9796
1416
9175
2248
5593
472
1972
9861
2386
395
306
1830
5570
6788
1143
7846
5140
711
280
1670
6586
2667
240
3241
7971
6896
812
9889
7250
9330
4426
2362
6957
558
4964
1046
4355
2244
8535
1929
3377
6478
5289
4469
1079
6048
1834
1369
3238
6817
762
3477
9517
5721
6044
2162
7893
3259
9273
2975
4313
9701
2760
6639
7290
8789
3820
6865
6146
942
7966
8288
7095
4188
4269
1693
5251
3764
6580
9369
6289
5232
4059
7159
1402
4794
5152
8785
5250
1222
3991
9658
4556
9076
8447
6820
7077
6534
2664
4371
1327
911
8194
3970
8332
7341
151
1908
9359
2617
8924
8334
8557
2429
5555
4755
1545
165
453
943
9201
1496
8254
8265
9043
5224
8073
3042
5796
2473
8111
5747
914
5599
5994
9607
616
6315
5534
9972
8722
999
1258
7584
3042
4831
7563
4753
1602
3987
2610
4837
7643
8586
6743
179
1190
6089
1534
3810
4432
4613
5401
1321
5507
1397
8686
4199
3443
6971
8250
7188
2086
869
3750
9271
1480
959
2090
7625
6653
8587
2831
3961
7208
5252
6601
4930
6764
1486
7572
4922
5473
914
5006
6173
8058
9338
6902
1274
3348
1736
9220
9611
3313
2667
2649
5611
1574
9284
9768
3059
5826
3702
8405
181
6032
8045
9132
4029
2190
8640
7173
548
143
1434
1559
4599
2174
9557
1819
5496
2836
8520
131
4211
5852
3170
1978
9956
8069
7607
9229
4423
6136
940
9931
5423
987
1773
2569
8203
6244
2183
7401
2151
8402
3410
6619
7343
1048
5135
7924
1593
379
1795
1295
2707
8271
9330
1842
186
8909
1984
7730
2605
2488
9316
3017
7217
448
5038
4839
4630
54
8618
8630
2330
1713
8949
1443
1597
8528
3791
3018
9893
8721
1522
9953
499
7026
5506
119
5317
6310
3958
4990
3869
2138
2486
4888
5922
8760
4693
798
9701
9868
7393
1782
3751
7509
2873
4213
3769
5278
7886
2675
8020
2110
4220
8575
4971
3693
5163
771
1661
1224
7170
7658
1999
7462
1515
7774
7498
1771
8621
6694
1792
7053
9829
1088
1909
262
1030
4508
5020
2618
7188
8554
4735
7993
1899
8259
9955
2199
7477
1070
6667
570
7979
6540
2764
3187
7643
7222
5201
9601
1260
1240
191
3634
9118
4093
5132
7644
8597
4365
4652
4219
6104
2852
8860
8092
356
2565
5731
8825
727
8831
9541
2773
3770
2142
7306
4699
8446
2085
3422
2802
7002
5611
1707
5684
8627
8884
7348
8831
7934
2754
6722
1643
6450
3851
2053
5629
3650
6444
99
7739
601
6878
6165
3297
5718
1896
4290
4196
7210
7301
3851
8965
2336
4072
1290
2696
1901
1325
2549
1734
3496
8338
4503
3264
1915
4838
1568
7029
2394
80
6235
997
196
2419
4177
5270
6024
4624
4365
7303
3562
45
3776
1652
6470
1653
1413
3753
8819
1664
327
3002
7996
8405
4945
3651
9131
7949
1959
2987
2695
5049
4836
239
4480
439
2355
8860
7912
9920
6321
3692
2836
1878
6083
8693
7939
4780
8228
3054
4974
9622
8642
6323
9633
2708
9754
1419
3833
3096
1680
2937
7215
9856
276
2224
1364
928
2305
202
93
7696
3704
9226
9472
9366
3725
1121
5231
4037
7104
5454
2294
998
9982
8585
5936
3462
1545
3074
1934
6272
3717
7813
1338
5468
1684
8833
7865
5497
5701
2474
607
1398
6505
3819
5320
9623
5254
7007
8932
5238
5391
2626
8418
441
2435
2644
2688
1507
7685
5774
3986
1245
6653
4520
7009
4245
1869
9834
1174
3527
7046
6514
215
7564
6699
805
9633
5841
2054
4857
2344
57
1355
4130
7322
2069
2458
1163
8394
7379
1992
728
5180
5093
7440
1466
7196
8244
85
7347
3124
484
9212
2971
9005
7961
2712
3105
6310
1755
8342
213
2563
934
8010
4646
5927
7156
9337
7240
6422
1311
4729
5336
884
978
326
1331
3122
9216
4806
3076
186
6839
5135
1228
2553
1286
3879
1527
9420
7181
1164
7357
478
6163
4822
1206
5793
6446
6890
1009
91
7694
8144
3814
5571
2603
2391
4459
2572
7537
2023
4916
3473
1913
583
3871
7457
394
2592
9231
9374
6943
3170
6534
2464
9274
470
1497
3119
9529
2835
8575
9281
617
933
5498
6657
1449
1851
3769
3281
1584
335
4813
9809
2801
6924
7754
4112
7837
9387
1728
2290
1946
2606
2267
1458
2419
81
2792
8746
6543
4958
2010
2130
8327
8240
379
661
2306
1450
5382
7850
1124
1400
5365
6817
2679
8358
1238
1164
327
1248
5188
3392
9173
2250
7811
5884
2980
8001
7483
3690
8168
1105
425
563
1536
7193
2499
7048
1585
5068
6922
1598
5621
7785
8757
602
5267
1917
5883
8285
4273
5447
5361
849
616
6013
2389
7957
2503
557
314
8070
1162
7494
1670
4767
2348
1368
2088
7153
5163
1113
1981
8102
5931
1274
596
6371
2062
7465
289
8941
5778
4632
5888
1933
1579
638
6731
3686
6691
4989
9453
7718
63
404
6791
3180
9796
3557
8962
9721
7770
1897
1191
7498
5375
2867
540
9509
6175
467
9024
2081
2339
8972
5529
4091
6215
2935
5835
4566
3713
6057
7115
2035
5486
8947
1109
3570
8143
5769
2523
5368
4677
7029
8383
945
4200
12
8899
4503
5726
6449
8159
5987
1146
2313
2627
6644
3683
5311
7902
5886
8664
9433
6174
1669
8592
603
1448
9194
278
6458
8362
7653
4468
8947
8895
7860
2351
4909
1107
1554
2148
9308
6967
1659
6322
7720
8952
9087
9224
5774
2635
3958
8032
2773
4620
5299
1084
2916
7831
1564
8783
3297
8886
2008
6272
2925
6797
8682
5627
670
7714
2733
184
3005
4528
3889
1680
242
318
5557
8621
2396
4012
3349
769
181
2798
5622
746
6262
92
8751
5940
3175
8856
8507
2528
2601
433
4876
3364
5159
8856
9218
5122
1562
3122
1260
7966
5837
3198
7598
8202
6081
9207
5187
9988
7746
6171
6133
3138
6617
8493
7084
957
2194
3688
4627
1756
4449
4117
1697
7986
7153
2559
5126
5563
2909
6533
7844
4547
5219
1952
5857
375
6101
6901
3322
1264
8002
8093
6041
9901
7253
4803
3914
1664
140
3918
5259
1949
2235
896
2658
7150
178
4733
4755
6186
6733
7280
4274
1559
8314
7755
6694
8093
6256
46
3695
8797
9934
8730
6426
450
5346
5062
386
9431
8780
9665
9928
1018
5329
8089
2294
2671
1444
876
5969
6679
1090
9389
9438
7762
5964
5209
2806
7619
4251
2026
2205
9252
1743
1675
5775
282
2600
1278
363
5945
1865
8939
2805
3579
4234
3449
6167
6061
5677
4370
5111
2811
2403
2850
479
8845
9296
2960
2601
226
5084
8800
8537
8988
6379
104
4448
5436
9088
4194
7038
895
6829
2098
5464
5864
3982
4536
3626
225
5751
952
4862
3661
8858
1928
3870
192
4814
5849
3590
1568
9356
3994
1710
8525
2172
2313
8518
5264
4944
8827
4627
5360
7551
7391
9657
1882
5205
4878
9513
3298
6520
4245
846
6085
5310
9622
6034
4113
6542
5532
694
2311
7732
5502
7922
2544
505
7254
7625
9662
5905
3394
65
2884
2663
5418
705
1721
1367
6739
2460
4808
2058
7459
558
3019
1143
2134
9956
2618
2183
1553
6241
895
9242
2725
5469
5420
905
7926
4352
1839
3308
381
2385
1172
4477
4666
5176
475
7068
3886
2122
3980
5652
4456
6134
712
1341
8238
2411
9106
1427
5807
7197
142
216
3799
8136
1225
4886
7986
8692
8314
5784
3780
570
2086
4521
3209
5973
2090
5900
6056
1948
4197
7037
8685
2655
3187
3720
4375
5664
9442
3178
8079
5173
2350
8116
2827
3499
960
3175
8978
2509
3383
332
785
165
2725
6307
7005
3409
3821
895
4489
3642
1307
5167
1482
1537
549
4464
1257
8539
880
7250
506
1951
1431
472
955
7389
9783
5716
2030
5074
190
4018
2858
505
8806
4259
7135
2436
7932
4077
4697
4395
2550
8209
9303
9907
677
7054
1100
2579
5911
980
342
8420
6303
2107
9757
6663
7017
3365
3390
299
9656
2273
200
6415
8515
321
9799
948
5536
1374
8160
3495
7631
779
956
1230
7531
7800
2088
8657
8412
2616
9963
8411
4736
1749
7850
1968
9979
7266
7193
2273
477
592
4515
6510
6963
117
780
5948
5520
6011
2325
2951
413
9477
7600
1914
5615
4151
3908
3132
9193
5158
6867
397
2273
5422
2586
4977
1847
9475
9929
6956
5731
7305
3475
431
654
5720
3752
9074
85
6810
8913
5795
8921
4583
3820
3005
2746
852
7753
6157
8757
5287
900
4721
539
1982
7285
82
1028
1264
436
7715
740
3571
9024
6074
1325
1184
3041
4911
7509
965
8380
1618
6410
8361
1016
194
51
2709
783
8907
4536
1665
9799
9136
3397
8653
9538
6538
7323
353
8211
2559
6903
8918
3537
2358
4871
9783
9792
9914
3850
7426
2686
8269
7528
2292
5708
3807
6434
1204
1662
815
8123
9406
3653
1569
1863
2723
138
785
226
1982
2333
4135
3397
170
1968
7532
4116
8467
269
5180
5707
9051
9759
1851
6619
1534
5072
4349
6880
4039
3326
5105
3573
2836
435
1821
9193
1544
9685
1360
1699
6768
7004
804
8244
2520
2467
7027
6045
3406
8624
1980
8529
8758
9031
9493
9420
3232
3099
1427
6916
5592
9142
6024
9102
2733
7708
4332
9188
836
6443
9519
6790
5613
7078
1726
14
1222
9155
8372
7337
8286
1360
691
2771
2301
1437
4883
9666
3747
7206
362
5382
302
6752
6076
9855
1856
918
3717
7263
9151
8484
3077
4081
334
1460
1772
2283
7133
423
4582
7136
2173
2871
4632
4969
8263
3882
7196
6949
5885
8857
2809
1662
2673
5298
8791
7903
9412
7867
9233
1074
642
9848
5339
8014
1964
5246
3222
242
1173
8937
2466
443
8882
2667
1764
7740
828
7542
6632
3326
1672
2940
3369
8453
40
2661
1486
2246
1059
7009
2007
9894
3987
542
6169
5493
6286
7580
7461
9627
5399
5023
7088
257
1445
4309
1919
5939
7012
6793
9953
3316
9578
6695
8513
8994
877
5457
2508
1580
7204
6385
3344
5234
1771
4847
3686
348
7227
1030
6049
1182
3625
8818
4535
970
2110
3085
2336
3270
3895
3050
9404
7295
61
9713
9354
2606
951
1805
5687
8762
6399
9154
1955
7455
3875
5779
4266
573
9005
515
2417
7268
3573
3658
4688
6670
9573
2794
431
6749
6925
931
8260
872
24
9476
7180
6384
8862
3026
4183
9111
4716
830
1193
227
8545
7858
3614
1087
1211
540
5710
2484
257
2687
8450
2838
8978
6198
2726
1169
1614
2090
3583
6582
8355
5814
686
3504
8811
7481
3877
6572
4675
347
3514
2232
8559
8804
7386
2043
3724
6265
8640
5814
7063
3944
2214
2953
4685
7335
8682
7401
9074
8616
693
8353
2085
6448
4905
4918
596
2264
9977
7552
5244
690
7085
8229
596
6144
565
9448
7338
2434
6862
8482
7438
5279
8931
9120
3038
3670
9638
4094
3249
9637
8703
2577
8536
5913
580
7659
1314
3207
7642
8155
4607
5499
9178
1827
5863
5071
3624
1774
4828
7215
672
5025
4893
6042
2578
370
9597
7787
4336
8742
916
249
2213
5343
8707
4939
3096
2070
9197
2112
4128
8645
164
766
11
6105
6706
3353
3594
9958
8186
2823
7775
8827
4078
6018
9850
8199
8066
1854
3392
3851
1681
9819
7918
1362
46
1068
9708
736
7006
7817
9413
679
5764
3139
8901
5759
2764
6422
5764
3558
316
2132
7747
5510
9704
2031
2308
8263
5206
3158
367
8005
7985
8148
9698
7811
1985
4198
2313
3391
8635
2364
31
6680
7237
6081
2579
3262
2045
6750
910
1833
4410
3132
339
5084
6547
6873
8696
3147
3151
6876
7925
331
637
7612
763
8793
7637
415
5750
2013
814
6527
3542
2160
4097
8177
5179
7164
2621
5544
1903
6500
1805
6168
9944
7028
7751
4839
7085
5130
1559
3305
1673
3268
507
8251
2574
5340
4864
7087
6733
1890
4797
890
227
632
7838
1435
1013
3796
8164
2750
1567
5137
8587
6703
5593
2439
6524
1730
3804
7884
3764
5090
6324
5339
1301
4377
390
8180
5211
7776
9379
1620
8514
3703
2461
6999
9174
9143
7962
5563
2410
7046
9287
6087
4525
5323
3727
187
1674
9314
6204
314
5088
2
3997
7301
6786
4573
4953
9434
2206
88
6914
5885
4419
253
5341
325
2495
3549
5154
2651
4695
8617
5471
3550
4140
7730
8194
9691
7610
8095
2662
2715
4529
928
9757
1532
1865
625
3567
917
3058
5057
1042
1604
570
4563
7755
7675
6947
948
5284
1323
9956
3615
1550
6959
2862
4749
1945
9212
6034
5617
5345
5079
3073
3107
5003
8184
1508
8587
4561
6909
9725
3297
7034
82
7854
6626
2382
4736
2585
5525
1224
8387
3191
5231
9981
9905
877
6788
876
4792
4251
2623
1910
1558
919
2436
1312
7951
746
7716
8983
315
5081
545
5875
2094
2759
7938
4623
4124
6984
6585
8792
3964
2233
7090
8707
7372
4815
7679
5524
246
7934
8595
3805
6001
1947
1627
7668
379
2979
4308
9976
6502
6749
3192
7653
5568
1837
4267
1973
8152
5866
1317
4602
8717
6051
2625
5001
2345
4990
838
1065
3774
7281
7283
3501
1952
2021
1280
4926
19
4439
626
3405
4998
8800
4448
2631
5137
8
4580
7417
8826
5238
6500
6518
3854
5371
5698
1623
9199
9233
2032
82
281
6398
8408
4495
4345
6221
2651
4119
272
1422
440
8925
7796
1756
2639
177
9815
9488
2119
9427
2317
6484
4029
1509
2200
2059
4445
2356
9238
6287
7686
9800
1822
3915
5962
1306
582
6075
3811
918
9544
5824
3484
7217
5511
5352
9518
8140
861
861
3322
5802
8950
1276
6455
8414
3282
810
5740
4777
694
6882
3808
9315
2693
6834
9904
6711
2222
5095
721
8404
2326
2373
3767
2752
6759
1308
885
704
1144
7543
4438
2598
4287
2198
379
9019
3780
6383
7957
7485
1496
961
4294
3434
503
2217
1699
45
7753
7705
1693
8760
3647
1397
4033
2723
8780
7791
3196
6692
1314
3014
2146
4128
2511
3819
8593
6977
2615
9140
5442
4569
964
9380
5392
6069
1706
5498
6012
6133
2592
3081
5695
7115
4621
521
225
6418
5743
6651
5259
5105
9794
9123
7400
1264
270
4385
705
6122
4786
5040
6809
9444
6416
3283
1237
5773
5001
2172
81
3590
4618
9615
5743
468
6903
1271
865
3076
7047
4487
3769
5118
3856
5012
9886
7597
1141
9665
4210
9390
8605
107
6643
8247
3798
4726
8319
1274
7929
7799
8811
2058
336
9380
1044
8764
9925
2472
2135
1266
3485
7116
5007
2244
4085
8194
798
6048
91
3572
8958
2660
160
5965
1031
3673
5981
2213
5476
8707
1348
9075
1377
9430
1480
6430
392
1051
1968
245
1724
7811
8
1264
5909
2171
3304
9014
7294
5024
88
4768
5451
6453
4388
7070
4799
6675
5533
1768
9437
3313
3889
2760
1229
7396
1180
1270
4929
1016
6319
4612
7128
7792
6800
5644
227
7994
8721
646
8039
9494
2725
1134
1010
393
4000
7942
1505
9229
4719
328
4817
507
7497
2910
2245
8668
5028
3621
6456
2524
7882
5663
3507
7312
5437
3720
7905
218
2553
6332
432
4378
9289
1463
843
7047
2253
1469
8982
7102
7194
1275
3050
346
194
7485
2578
1445
6
2418
3588
4078
1034
3549
292
1804
4424
9869
166
8450
7559
447
6147
9459
7996
4834
8045
6391
5714
603
1030
1551
9079
5514
6222
3062
2247
1741
4652
6024
2796
276
5599
4359
7302
4021
8421
3884
4728
4913
4427
5243
5347
1894
54
7242
3991
5702
5298
4739
7031
3896
7417
391
652
4862
8774
758
1069
6535
1322
2653
9774
101
6879
8383
7686
1201
4796
1031
8709
9966
7688
7788
5302
715
1298
8486
9345
6045
3168
6880
9396
5501
4950
2463
9123
3117
266
178
782
5553
5254
5371
1474
172
1406
4109
2034
3736
7826
677
8424
8746
6533
2382
118
4245
7759
3280
5826
4286
4576
3944
3778
6864
9175
9326
1396
529
2610
5475
2657
2548
6774
4778
2594
753
1042
6905
739
8642
191
6815
2856
8031
3738
1032
3038
8188
3285
9967
9363
8065
3098
4467
9992
7802
8834
4637
1301
3792
1142
8209
4670
9641
8787
4195
5829
6859
5539
1244
4736
5767
2234
1693
7917
2739
8894
7619
3379
8312
5995
9612
2811
5934
6358
9929
2862
8196
9712
2004
6832
7124
2477
4579
9182
1782
4629
6270
9732
4420
4235
4542
1042
559
9645
4118
9216
2544
3947
7895
8239
5985
2747
8142
1490
6733
8171
8145
6061
3524
3561
7130
5676
2884
2192
962
3560
1221
9140
3602
5318
1347
1584
3318
4448
8530
3006
8387
6519
797
7031
555
8025
2639
9131
8670
2112
214
9171
9875
1036
2100
868
8440
9682
5416
4375
70
4020
6877
1432
3656
7763
4769
9932
7037
5826
8024
5478
9820
6525
2834
7563
6168
9226
8074
2244
6404
8318
5345
5108
4984
2547
7835
6395
8149
3161
1048
4842
7558
1787
3893
6584
1079
4707
5492
1205
7034
3824
5753
7885
4760
5623
439
5614
9941
3336
2155
5150
2039
6211
3078
2391
9048
1435
4705
868
9498
4585
7020
689
6490
4164
6855
5645
2616
7951
9077
755
9286
5939
5726
858
3343
4367
4612
1914
27
3469
344
2416
7296
6056
5277
4244
6746
3547
9517
3752
6750
9354
8092
2435
9035
1767
2106
9471
7731
3454
4764
7984
9945
7442
317
5463
3962
3004
5569
8469
913
4977
8170
116
4918
2275
1327
7314
7399
3579
7449
6015
2426
9797
9936
186
305
2988
7126
9350
2447
9640
3778
2947
7034
1381
4735
2570
8801
8711
9974
3481
7264
2058
9530
5824
1442
1758
4290
5067
502
4003
3740
129
5605
7937
208
1932
51
2300
6691
8074
1044
9094
1021
3587
8753
2421
4253
6252
8299
2822
6475
4732
3919
6690
2846
7549
8891
8321
6447
8853
7424
604
6462
4533
856
7191
3012
8018
7130
7486
1177
2706
6059
1327
6150
1897
5175
233
9741
2085
1153
9140
4632
7894
7591
9697
3216
3107
3082
7170
6527
2377
2477
9709
9287
1941
9307
6206
4436
1139
6109
1339
2096
3511
9356
2779
2502
8829
6548
3337
4905
1613
8154
5622
4293
8225
9632
4141
7494
3513
6391
5979
5240
2767
9076
6495
5951
8263
2037
2254
7017
7417
661
8266
9952
7794
5518
2355
2628
3847
2223
2494
9048
3419
4511
7158
683
8867
6033
7472
3674
4057
1145
9348
6980
8430
8045
1144
5791
3684
7759
607
2505
7018
1866
7683
9153
6056
5690
7582
8295
8142
4497
79
1537
9289
3064
2795
9312
854
8499
9378
7043
5993
1768
3267
890
3968
7617
7155
6509
9891
9600
2394
3565
3535
979
5086
4171
3076
3736
1220
489
1420
7538
6244
7342
2509
3836
9581
3838
2032
2301
2857
8488
4850
2637
1730
2562
795
664
4101
7570
1774
2785
1206
5918
144
5592
6516
2311
6829
5615
7422
6641
2343
2921
4454
7030
7872
6180
7653
2667
906
2888
9759
7267
9356
7456
7352
1267
984
7465
2104
5111
1259
8025
331
659
5141
1778
8556
9243
5098
7
35
3398
856
2398
1484
8465
8905
471
2378
3425
8331
8652
6939
9931
2511
8185
9678
8263
8959
2941
9059
7026
6243
9825
4450
3635
1942
1945
3870
7937
3332
2153
2603
9394
3095
1290
1886
647
7874
9805
8820
7414
3053
4320
7334
5864
3282
7806
715
4021
1496
9419
1710
2348
590
945
706
9912
4618
8676
5667
6959
9555
13
7294
4172
4779
6165
6292
7104
8545
6608
668
5156
3398
7564
4423
2818
447
7562
6631
5461
490
3868
1810
174
7972
7936
403
8233
1290
9196
7698
7711
9455
874
4277
2028
6750
7158
8647
2500
656
4326
6840
1922
8351
2393
4998
1377
7676
5251
522
1487
5726
7896
2726
7967
9725
8374
1773
6557
734
5369
9795
4423
8527
281
2343
3706
2198
7350
670
8795
8213
9127
7651
3896
3712
1295
6395
2190
8450
4161
2413
7451
2109
518
66
4950
4224
5325
9977
7598
4078
6466
9567
2465
2701
4801
5517
9167
2204
4460
7394
9085
1193
9276
5874
9246
8705
5861
2031
8735
2217
1374
2023
2385
4125
8159
1054
9789
8583
8410
2638
7747
3106
1935
7933
6196
4943
9259
3678
2049
2968
849
2697
3763
3843
2989
5679
2588
2138
2324
329
2861
9928
4991
3233
2842
6918
1882
5155
139
8648
8280
8773
7076
9185
7561
9125
6648
4190
2271
7474
3513
3041
6285
2701
8819
6381
7809
3697
522
5170
4323
1329
9248
1273
1374
9617
6284
5218
7392
681
4792
1771
1069
4325
5945
6037
4840
687
2149
882
708
3409
2863
8865
5175
2374
310
7757
6768
721
3328
2386
2907
7312
7105
4674
3443
1682
2160
8871
7800
9254
5372
1274
2241
7702
90
8036
4371
708
3859
1426
770
452
9692
3694
6568
4458
2661
8428
9460
7237
3270
2418
6532
9405
2310
60
9606
4089
6367
8383
3627
276
3567
4748
9981
1472
5536
9143
6931
7819
1306
9272
5842
7266
8966
6977
9687
7779
3126
354
8194
5127
1828
7322
2757
9280
5273
6095
9294
1200
6783
1072
7264
3690
2201
5752
9033
9596
6449
1205
5167
3965
8546
1066
1404
1139
407
2210
5628
1705
9027
1463
7381
1503
4163
8738
4855
1922
2001
2947
5731
4302
4970
4914
1280
1057
5858
9351
9628
4033
1750
8424
1904
9937
3539
2193
8423
7360
8485
6313
5665
8914
515
3954
1379
4868
185
3425
2433
2858
4101
3983
398
1611
4470
239
115
6175
3026
9345
1327
8135
9576
2886
1838
5999
1541
5077
1660
9840
3050
5790
172
2632
1645
3228
1108
654
719
6032
5275
8160
479
2380
1335
1039
5277
9725
1152
1694
2257
1038
6409
2183
1741
9032
9840
4031
3408
5342
4131
2187
4237
2264
2469
6627
2699
1726
5745
9525
1342
3559
575
9981
3942
1746
2069
1891
9366
3942
5344
5270
2168
5701
947
3384
2047
6422
2654
3690
61
115
2643
4938
3094
2480
7749
745
3396
5086
1026
8002
6844
8126
163
1016
1826
2729
7153
8703
9625
8576
2122
6173
6973
8880
2036
1410
740
9736
9969
3479
786
8030
2260
1091
9884
8302
8612
5380
5216
3220
942
7836
163
6973
511
1737
4299
9177
2162
1865
6462
1668
23
8685
6489
2085
565
1790
4518
8774
5041
4142
2168
3685
1839
2273
9625
6714
5065
4235
3543
4778
2206
2171
7290
6923
8268
7000
2665
9210
9233
2539
3965
6377
7758
398
597
1101
5678
819
7596
2919
9605
5272
1928
5953
8492
2569
5476
7051
8988
8791
5521
4374
6393
9383
2360
994
9186
8366
5524
9683
3221
4972
2670
985
5912
2214
7544
2144
4774
649
2333
4980
4502
7004
7848
6905
3122
229
8117
9307
2439
9374
2198
3666
5032
3705
1495
3480
9192
1778
9844
3421
2775
4181
7865
1658
2477
8351
2873
4005
1813
1433
3075
7349
7980
18
5010
8423
2122
5964
4676
288
2111
4091
4686
4740
6210
137
7262
2102
1622
5421
7121
288
3103
3804
5750
1381
84
3569
498
5910
3476
9178
6149
4770
2926
1075
2397
49
1211
4647
5962
4691
6575
4355
1393
6724
6272
9533
4213
9699
1686
1861
2755
3348
2132
7180
7277
9330
1541
5938
4394
1353
1307
5124
8795
2643
2404
7478
3521
1137
6062
2540
4765
5100
4573
2128
4632
7484
5354
2447
580
5929
4766
3140
9442
7168
4351
4570
7078
5961
1530
4076
1368
7031
1266
1903
5773
8719
1351
7075
3029
1469
7211
3909
3094
6451
5025
2681
1241
851
1847
1894
9347
3870
8118
2914
2711
7822
9735
3168
1769
5154
2136
9910
9366
6680
1407
7380
2755
336
2111
1026
5635
3405
2377
4410
2173
3263
420
7366
6429
2160
7936
2283
4410
6188
9175
9846
6456
116
7589
7093
1647
5908
90
8681
8091
3
8045
810
7397
8252
1667
1036
3346
4203
8608
3857
6907
3481
4494
5312
8237
8252
1292
484
7185
3433
7240
1448
4639
4827
7168
7393
4526
6808
2294
3404
1151
8210
8514
5610
6571
2812
7180
2120
4842
925
1210
4532
6950
4634
1782
6190
7535
4703
6148
1995
7232
8509
9026
3008
6818
9771
9825
4813
9136
4326
4756
5943
6682
1243
8407
7658
830
9479
4913
5375
7795
6605
9276
2875
2872
9367
5301
5752
5261
5824
4991
312
8864
6674
5885
3127
9851
5964
2400
4256
651
54
6429
5938
3956
7783
7107
2533
8244
8839
1307
9672
6550
5777
4625
5020
9991
8219
4402
295
3486
4665
4102
7554
5607
3838
2112
3715
1729
8693
7220
322
1769
7936
5369
3574
2310
8014
5022
4432
2262
3826
210
4427
7209
8946
1166
4033
77
8541
1382
9426
1577
5776
5249
8305
4671
8267
8340
4463
507
9215
1477
4540
6097
7035
2575
7882
3910
856
818
2789
6621
8033
109
5136
7013
887
8302
7138
1345
3876
408
3297
4504
5215
6759
1309
8014
7807
5376
6672
4307
7523
6781
2597
6458
7072
919
2903
3757
3965
6948
8427
8735
4636
1364
608
6034
2346
3687
1253
6762
1817
5825
5372
66
2235
5216
2239
8510
3731
1437
1120
5152
646
2369
9877
4894
1816
5147
8755
2452
6500
6895
1866
5238
1931
4512
4658
4409
8337
8769
228
210
612
1081
2428
8895
5903
8229
3694
3781
6894
6611
2966
4058
8819
1900
5924
8196
8456
8480
6104
3425
9126
2393
3323
6440
3334
7497
2718
5104
7077
6021
2070
4784
861
2567
1784
7223
5714
1662
3506
7901
3274
1161
9611
8713
1009
3892
5515
8532
3771
4945
8926
2942
2939
6202
7172
175
148
7366
5229
2225
1054
1707
20
8332
1052
5780
8537
1346
2667
706
2595
1389
3965
2759
70
1333
3223
9585
2049
1126
2424
7044
4507
97
1611
7643
1952
5186
6030
6880
5942
1634
1492
4810
3173
2382
9256
1927
2166
5928
2035
506
2650
6748
2416
5414
5599
2502
1902
4012
8623
6578
1430
3617
7913
2356
2014
8756
1428
2201
6988
5135
7457
5869
1119
6411
8625
4910
1434
5785
8855
2929
5058
5534
3983
164
2731
1614
6302
5636
526
3229
8028
240
5694
6449
3056
1709
6987
8140
762
1164
4150
4170
1847
6457
8630
7541
2096
5876
8666
7841
1940
2677
1712
8517
3832
2572
5830
182
2828
1447
1311
4315
4448
2216
2472
1964
1622
8518
6411
5420
9273
5699
9300
665
8335
1597
4226
5793
4539
7225
7152
456
4230
5565
6245
439
4671
8588
6057
7351
1904
4552
6905
2606
67
5219
1372
8457
3077
1510
3366
8475
4282
1414
1037
405
5617
4019
6843
2551
5529
9043
2676
629
148
351
8872
1613
7595
2044
4571
2296
2498
4093
5299
7232
158
5015
9889
1633
1268
3941
7972
3442
8964
3133
5851
4886
1237
4818
6921
1918
9874
8939
1677
8305
1894
3092
8547
9535
3397
5988
421
3298
2427
7583
9382
8343
7992
8285
641
7371
2284
7435
781
8553
1727
2128
8116
4707
3284
7922
6404
7327
1007
8202
2949
9764
4981
8213
5724
3796
5331
2684
543
3277
5586
2599
1850
7115
1001
3694
1362
3424
5524
3680
2152
9223
2371
8887
1793
645
3158
4555
435
7697
359
102
402
1461
5464
200
2364
5013
2511
8077
1457
864
8111
5084
1367
213
778
6352
9373
4952
6468
5500
2879
196
393
3114
8729
8115
2801
9845
8431
2972
5219
4361
301
29
2711
9143
9162
6522
4817
2861
4803
5492
7755
1045
8101
3628
8610
7821
2650
1754
1140
247
792
4474
4984
962
5894
7174
7471
680
8544
2426
8105
7145
6797
1203
6635
5193
2784
8217
7984
6949
108
7840
45
6556
5419
1609
5481
1643
1521
1038
3341
873
6924
6078
6728
7797
9838
2518
2967
621
430
2513
5699
3840
9164
896
3227
9637
1396
1021
2980
8398
2021
4924
1053
8824
3731
3892
3768
580
1433
7421
8486
1466
9346
2827
1442
972
7770
1786
1169
4986
9713
9017
1608
4581
9024
6891
1791
5525
207
6876
2165
5550
2006
3938
164
2352
9411
9540
8310
3839
187
4623
4231
5107
9332
790
3565
8752
9250
8954
8966
232
6289
8747
6369
415
355
9917
3872
9808
9321
5983
4828
431
7719
3944
5609
14
3108
338
875
7076
3471
9307
7081
1546
9656
7066
1
6920
8958
943
4861
112
6021
9534
213
1608
555
7038
2629
9502
4186
2333
5487
1511
3632
6950
5092
1977
8669
4629
1856
7930
9325
2778
1315
7833
1832
7005
1815
9403
3926
6545
9598
6744
3510
4700
7532
7639
1072
1029
1766
1687
7914
8175
57
6480
9336
1301
701
4009
1448
1782
2411
7723
3677
980
61
6614
4410
2519
9766
419
9073
4727
5538
2313
7628
6890
2415
2740
4012
6539
5531
1811
656
9548
5839
2241
5081
8285
6765
3014
1067
2189
2327
5294
2038
4496
8688
603
6374
3777
1542
9559
1672
6330
48
4604
5983
1474
3108
9287
6597
87
1485
5386
8533
749
907
450
7929
6597
9227
7656
3119
8961
8313
7627
7810
1318
4179
878
8214
1971
1760
6702
9651
2370
6576
4232
9382
380
7557
4408
8405
1138
4963
3524
9169
9865
9188
8138
2833
1269
6272
4967
1932
7306
9547
3691
2279
9615
8526
5817
4688
6548
1963
5410
2218
2965
1883
7412
8443
3792
3402
1679
4130
8259
150
169
8924
3241
4307
9859
2633
5815
467
7580
570
7921
3828
7204
3550
6659
2570
4931
3758
3517
623
2922
309
1182
7736
7658
4212
5684
6906
6661
3589
2963
1772
2098
2894
1013
2351
6612
2520
81
1084
957
9137
2526
6956
31
383
7129
4926
5028
422
7141
372
3998
6139
1955
4751
9617
4778
5523
2333
5824
4485
8634
5103
8917
446
1572
800
1381
7271
6859
7315
627
8168
6632
588
1556
6657
5882
4754
5747
5649
9941
6307
4310
2582
397
6857
5233
4197
2099
2571
3161
1340
527
5959
3067
4150
4334
4062
5294
5087
5278
2289
4951
5240
1240
7147
9308
8606
9645
63
7866
6374
8229
451
1514
4860
723
2988
2050
5260
4157
205
809
9328
2378
6234
5357
844
9741
9010
9768
3750
177
9053
3423
1129
3909
2145
1101
2044
9787
1099
6688
6575
9340
8989
2483
6086
7326
931
444
2265
9768
4746
1190
8746
8724
5602
3889
6105
2022
6675
7129
6164
8269
7359
2837
3651
456
3559
5665
1748
7851
2497
5885
3426
1634
5031
7767
1723
2005
1779
9159
1010
8028
8170
4874
2242
2581
2583
5137
4244
6436
2250
1690
3123
3674
8576
2815
3822
4953
4596
942
1006
22
3894
1962
8376
1728
1387
2671
9589
1201
8870
4235
496
3523
3846
7179
7584
3300
7935
5636
8311
957
6157
4211
2234
2383
1847
8583
4161
799
1552
6862
6529
9892
2708
1485
8841
30
7793
8948
922
5993
7155
4544
6763
7395
2069
9875
7659
3178
6804
7521
5624
5657
4678
4669
7296
565
2396
964
8694
4115
8724
4263
151
156
738
2159
6509
5203
8143
2028
8243
2103
9362
7327
1819
6276
63
1177
7709
6383
6573
2994
6704
3329
2093
2254
6158
9027
5991
5310
7411
4812
4567
4275
6054
9223
9256
6216
9035
2472
8799
2097
3032
5424
4300
2654
9175
591
285
1284
860
7258
707
2622
6343
3325
1304
2608
7324
3218
8945
3644
7345
3827
1697
3401
3543
1836
1151
7025
2813
2549
7513
3017
817
3726
1320
7894
8312
4556
1046
4078
8129
9251
5981
4269
8069
3252
449
585
1649
8762
881
2520
5959
3119
2427
5665
7042
5684
7086
2480
8505
9937
1731
3406
5014
4953
7550
1552
2983
7874
3122
8190
4580
5987
9715
6935
4146
1743
1824
259
7879
3154
4736
1321
7759
5673
5996
1539
6095
3094
1037
4383
2744
4628
1367
2791
4158
8920
8967
2194
5674
6809
6985
8700
8700
8498
9774
6916
8341
5685
6347
7685
1572
8530
1221
5031
3215
5496
8572
7943
9829
8267
4757
9060
898
5943
2189
2683
4674
5620
6554
1222
4841
347
7268
1600
1331
2455
7332
6108
391
8527
8476
9831
4481
7203
9896
7003
1537
4853
6019
1013
798
8347
1613
1209
5374
8690
5195
6580
2570
4149
2911
5635
3214
9565
5530
5938
8431
8171
2415
2007
7072
9204
2986
2881
5174
6125
8097
