4175
3023
7188
3361
1751
1006
9016
7229
3289
1064
4123
2194
9103
2854
5395
1789
5509
7020
3332
573
5559
604
8882
9009
8190
4844
1110
5477
9937
5077
5450
284
543
9905
2307
3992
9582
5202
8849
1440
3534
3251
9030
3710
5769
6406
3208
8891
5435
6942
2564
9489
353
7279
4230
8580
9856
2802
1470
3816
3480
8809
9232
1951
9179
6250
3787
9748
6260
6826
8413
4008
7375
9983
4776
4984
995
5572
8605
3591
811
1980
3042
2414
7558
6474
2871
5426
2711
6219
3124
5959
8864
2132
3335
5982
3551
737
5884
5800
2503
6698
1608
1765
8823
543
2059
6303
5499
6849
7513
3124
1990
9258
628
9791
3421
7403
1341
140
8573
4284
435
6436
9986
2181
2012
5441
8786
9933
7776
1768
7213
2349
9371
4816
3049
6178
6573
4351
5364
1031
8425
4273
8767
4949
5761
5070
4350
4555
1479
3760
6612
1164
1846
3583
1160
2958
310
672
4684
2051
512
2588
9740
3106
3738
9981
7921
4431
9915
9234
8688
4432
1042
6169
2243
5655
1872
289
1665
6688
9979
3277
8544
11
8577
2364
236
213
5755
7589
597
7732
4721
2995
4827
1278
8777
9871
2701
5700
6985
5436
9447
3396
1041
9327
5262
8517
7405
861
5014
265
3588
9969
795
9674
4351
1037
6999
1020
6360
4206
4732
5272
7836
6665
5675
3683
5180
636
1775
1085
5019
6603
8207
8889
7762
1091
3747
9064
2798
7139
3537
2279
6283
2499
2656
1407
5572
460
4699
9737
5420
190
3311
1055
8030
2419
9236
9803
2322
1318
1160
4005
9688
6358
373
3770
9649
1912
2024
7774
8826
8517
4627
2881
1796
5978
4995
5185
7157
6164
7813
558
5408
9244
1058
5464
5551
4232
676
4051
1508
8999
3506
7572
8356
6666
8119
7075
9874
3805
4921
6075
8139
4496
6649
4872
1685
5742
326
623
3416
298
6793
713
6195
8876
1980
5360
9007
6167
2274
7400
4890
1906
9021
7995
3777
3372
5404
9017
4781
3935
8894
4725
7774
2294
4518
8699
1123
5294
3982
8710
110
7819
5459
9315
650
6168
8063
7796
1475
6341
3468
370
7335
8723
8507
1845
5928
74
8678
7214
9584
6722
3749
7661
7279
245
4549
6433
7993
7837
5323
1199
2170
33
1364
7992
7325
6072
4188
8687
3103
703
2625
2322
7621
9083
5290
1140
4996
4306
8925
7022
8783
8415
6330
424
5316
5481
7429
8887
4005
4283
262
3971
2150
1174
6275
7595
9188
8987
9946
2255
3008
2704
3066
4766
2571
7883
1080
2990
8947
1399
1439
3597
5527
6478
7416
4859
3365
6106
2976
330
2112
978
2725
3930
8486
3965
5742
4695
6309
2571
6024
6628
5086
8802
9436
879
3174
6126
1982
9397
6612
671
5534
8872
2871
2111
7783
613
6168
7585
9761
1771
8536
7066
6532
3925
2598
6349
2134
7712
7157
4335
5861
6877
324
1992
8401
98
1821
9246
7462
2484
7906
321
6868
6028
6657
6912
6338
8369
2113
3469
8792
3961
8605
3413
3216
4828
8113
7292
1469
4115
9853
7441
7313
2771
8596
2609
654
7074
9020
5672
481
4414
2431
8550
9452
4983
4804
2350
3333
5232
6934
834
3030
1715
7619
9811
4118
3478
9017
9572
1226
4093
9343
7126
9976
3117
289
6966
6161
5501
8565
6381
425
8758
5474
8025
2885
4501
1266
7770
6815
8570
8083
5663
7695
730
458
7439
3457
8156
4105
1403
8005
9036
8208
1011
5968
3716
8779
7085
5640
759
7295
1981
1843
8586
5566
2067
3621
4770
7098
5783
4919
3529
2765
5655
2768
3889
7722
8458
295
4026
1748
4798
6773
9110
8913
2491
8794
5510
3155
7424
3106
9648
4353
9857
9235
7573
2484
2967
9747
4737
4407
1931
4906
4998
3450
2204
3575
3118
7650
6993
2548
4966
4481
2991
7012
4105
4465
8291
2075
6031
5517
6308
1694
5499
5085
6190
9444
9459
6560
5349
3990
9823
9586
7066
4095
3775
9623
6510
4697
1022
6892
8769
8246
8780
3165
2723
624
5932
1371
5089
6156
3734
3880
5477
4705
369
5955
1848
1594
2752
318
6472
9725
3254
5280
8723
5726
5728
7318
7501
3189
8125
953
8178
925
9274
542
4108
1844
1028
3983
4684
4127
1671
9242
9248
9427
2371
178
9989
2921
1511
7813
101
8715
6347
4825
4073
5539
9831
6744
4384
4415
4209
7690
4221
6261
5417
5674
9337
6994
292
2492
6647
8171
2929
8571
1855
2703
6897
8108
4795
3308
2551
1742
8136
1060
9712
212
8772
3200
1338
5656
4452
7704
406
1367
4630
8650
7748
5801
8282
4132
9081
3630
6976
9960
2101
3438
6347
964
8503
8217
7027
8089
8967
5357
8300
8915
1024
7103
7843
7758
2034
5239
2431
7326
2436
1276
8485
5966
7997
7655
8768
1596
6467
7885
9803
3450
7192
8955
4295
7615
4248
9938
2765
8456
189
7990
185
7920
4960
6094
4854
4586
8168
4484
2653
3844
3933
8731
9548
6150
521
2846
622
6346
9169
9474
7034
3605
2388
7451
1902
3157
7104
4046
5972
923
5036
323
3284
1953
688
787
7199
6292
7339
3324
9573
6499
6724
4426
2375
1680
9010
6507
8345
325
4251
3531
4743
4206
6140
6116
4334
8932
9701
3408
7579
3984
719
6379
4409
1230
4649
2934
4055
1303
7429
4851
5488
4472
1859
911
2308
806
3001
3195
8644
9756
2706
629
308
7869
5451
159
5247
1410
7517
4038
4149
1216
6349
7000
7044
4180
3606
1318
3537
2212
3274
3380
2973
8610
8057
3724
9589
7016
8783
8629
8473
1901
3254
5686
2764
3001
1965
9786
4722
1714
9883
7542
8052
7485
7348
4430
1230
1949
4823
1866
8590
641
2472
2840
9278
4873
1619
7833
867
7871
7488
9943
2019
8934
1156
91
1937
9675
9997
3454
8100
2731
7898
7031
3429
1651
5875
9685
2091
7162
8039
5167
9226
6404
2010
6165
7291
9624
5843
9396
2165
3675
5
3419
9311
4096
9464
6578
2152
8853
562
2521
9043
8219
8025
4355
6027
3502
364
617
3904
2445
9091
5295
2446
1205
5410
9087
6993
5954
8933
1790
9620
3832
2249
4608
1945
5676
5404
7275
3704
4496
4956
5020
5146
4369
8590
2667
5602
4041
9587
5494
506
301
8922
8731
9967
20
7452
158
3899
7749
7097
8705
4326
4782
3926
1657
9062
4708
2120
6333
5686
6537
635
8903
7635
9486
2647
8644
2039
3868
4804
8480
5826
916
4380
836
4229
5342
4085
8109
4035
7084
7060
295
170
4581
9186
6064
9456
8432
4350
9948
4972
4923
902
6868
7035
5522
308
9296
9025
6252
6913
9156
5404
9214
4881
1026
7766
100
8049
5817
8264
8933
6009
1513
8576
6104
4098
7930
3790
808
4063
7586
4118
5474
3909
508
6785
3388
3454
3546
5650
8631
9655
6207
3713
3286
9097
2700
4124
3473
5546
4339
2278
8635
8207
3385
6081
2081
4000
8263
177
6150
395
4977
4703
900
9069
6203
6020
9145
7216
9074
7709
3330
7202
2235
4960
7808
5245
9682
8279
8205
771
7880
9202
7207
4630
9343
2967
2598
7183
6383
9785
960
78
7739
7569
5049
4181
5932
2850
5762
377
4636
2923
2204
687
8944
9641
9360
5507
9087
2098
2103
1722
21
2644
3605
3888
5364
991
2906
6224
3984
8264
9551
9644
351
7521
8569
5051
8062
1158
3329
1311
9094
3270
6409
4761
4300
7266
2221
550
7597
5840
5392
3453
3373
8953
5902
3500
9692
720
7410
5880
3963
1809
7142
1614
2922
2395
6720
7115
2895
8142
8565
698
9353
8838
2863
6078
8455
1003
6898
8209
1290
8389
9696
1034
6171
4684
9582
9861
1285
6834
2845
3680
1731
858
7739
8350
2210
4662
7230
9238
1729
5330
2299
7472
4131
8360
2628
6993
237
6611
3607
5444
542
7233
671
4872
3718
4804
9806
8359
1056
5709
14
6040
293
1160
7432
4277
950
5891
3632
3030
7761
1376
8156
1769
3610
1047
2247
563
7280
416
8733
2114
4308
4992
1456
6061
9838
9132
6799
9004
3341
4882
31
4001
7770
2442
7003
8485
8157
4571
6497
973
2747
1390
9921
6917
4664
3617
1118
9059
272
3680
1840
7235
4101
4419
86
2934
8532
8099
4756
6912
1077
6070
2118
8808
9933
4758
9968
5953
5258
1829
9929
7343
8657
4126
8088
5623
7212
324
8524
8052
3619
3232
4647
3803
3578
7087
7403
9245
7131
1438
9200
6153
448
5129
6032
3921
3099
3620
381
828
6630
2460
4197
4352
8165
5627
3268
3872
7434
46
701
9793
8936
2585
89
1878
1349
3619
1834
9446
9825
2538
3409
7828
5206
6942
1421
1488
1977
9850
3477
5558
5463
996
5424
9415
7018
7524
336
4619
2725
6363
1942
599
3455
2103
6205
8923
1828
1058
1101
7013
6016
6449
4436
3165
3038
5362
2794
5241
1115
9272
1561
3779
6353
1579
777
5434
9687
5460
7879
8649
3313
7687
1947
2117
2680
3085
889
571
3379
3120
9575
3058
6541
7919
1566
2007
3374
2354
8501
9725
5092
8430
1615
1289
4340
1160
3463
2983
6654
2087
5525
2214
961
3743
8503
1463
3212
2677
60
633
5912
3491
6501
5936
2492
1534
1490
7693
3180
1838
1715
5255
9295
7564
1449
3940
9983
7277
3463
2947
4634
1790
5609
4462
168
5804
2644
2116
6432
1735
8300
6706
2100
5567
3260
432
4714
4174
7687
4461
948
640
7750
8997
6468
7307
5679
3764
7347
1262
9934
8534
8037
7700
8901
7927
3373
3992
7301
8640
9916
7273
3317
8044
1087
6127
3205
5098
5324
9445
9441
5704
2975
7189
1578
7408
2571
9528
4507
1314
5470
2904
953
1479
3632
8574
9140
7246
2962
1972
9280
7624
7265
1039
1304
4333
7130
2805
1967
323
3010
1237
2006
2907
1124
1436
422
2525
6961
807
4453
4680
21
2988
3829
1734
6515
6604
5511
7850
6195
1057
7
859
9683
7399
6181
8743
8045
286
6635
9590
7843
7536
4996
1311
985
5589
3498
8111
4354
5556
9761
2984
3265
8033
6480
8272
2569
5594
9206
5935
6981
265
192
295
3456
6977
2135
4018
6535
1223
2151
6479
8738
1074
1209
1997
7055
2998
1204
4637
9499
4727
8652
7435
5716
6618
6265
5970
3903
8510
8921
1017
8018
4279
7063
7423
5458
9377
1706
6558
7183
210
6392
7730
7777
9724
4940
7990
1045
1086
7327
5680
124
592
6704
1002
7675
1182
3228
5167
7246
934
2458
8095
6509
5649
2071
2640
6422
7168
173
9791
3618
539
4010
658
7234
8259
3766
1788
8398
1654
2467
2464
9610
6242
9161
6495
9840
7860
913
4364
2032
9738
9093
6601
2748
3492
8321
9698
6748
9389
9485
2592
4103
25
7338
9121
6400
6643
4859
470
5113
9138
1049
6474
4812
7020
9524
9612
6045
4888
8558
2272
6786
6379
9956
8447
6068
2838
1102
8421
3415
2722
4220
3291
345
2228
2638
6591
4137
3224
2900
1062
1942
6905
6641
4275
4698
6206
2827
6152
9756
4815
3246
2558
5386
312
578
6671
5793
8670
931
8939
4269
4734
8284
1481
1722
1943
1673
1267
2156
53
3244
7396
1706
3734
6929
2167
2690
2869
5619
3000
3729
8719
4363
1000
2764
6053
7697
7242
6325
3922
989
4682
711
2650
1862
4305
222
4576
4928
2628
3298
5684
2661
1027
7029
9718
7807
7775
824
4472
5379
3356
2183
9712
9310
5048
6478
9045
7553
36
547
7030
4900
7881
1443
7706
7706
7988
8415
1467
6459
457
8358
3386
2710
8595
2897
9725
731
11
5646
9386
3634
4554
4635
1955
8752
8421
3569
1915
2837
7055
5278
7869
2985
661
9880
4336
6348
9851
2912
1320
3628
6711
1328
951
56
27
4131
510
4668
9666
9718
2788
3756
976
32
2986
8464
6387
3450
4903
4313
7253
2203
994
7103
9553
5279
8765
2140
9684
4750
2632
2021
9919
9881
3498
3185
2809
5095
7216
1693
5451
6396
795
5849
8184
4434
7202
9560
7327
9591
30
2025
6560
5062
1333
3236
633
6092
749
2644
3611
5314
9425
9686
3119
6396
1374
5442
6421
5676
1054
5476
931
2854
5266
2734
6767
6875
4710
7118
6952
8700
8529
1980
3808
6937
2556
7277
6880
3549
1671
6829
6882
7538
8723
1597
8087
324
8035
3646
9252
4083
7212
8039
8703
6253
5224
7601
9506
42
2664
9388
1241
1770
4013
1463
8818
3724
3464
2670
9504
994
3873
3325
4214
633
653
6760
3324
1026
3105
7726
7764
4490
1580
3000
346
4972
4259
4572
5805
164
6946
5761
6837
508
7418
6064
6813
1847
377
5625
8929
493
899
4379
940
2314
9770
4288
1203
8804
7572
3442
530
5542
6439
5791
791
9451
6189
6460
895
6323
5857
1188
2381
7968
8585
9962
3808
1599
7235
1267
5329
6045
3483
7311
5604
1933
8513
7037
4230
192
5847
6033
2428
4710
4712
9457
4950
2856
1276
5689
8314
7404
4166
2762
4067
6871
8931
2833
3089
9847
6154
2871
7858
4309
6849
5358
1124
8124
1190
9376
3225
394
1334
6110
4131
1490
6177
4383
2248
6245
1209
1196
6472
8798
1315
8333
9673
4416
733
2251
3045
952
7128
2449
5286
7892
1615
2298
7788
2205
1326
4029
8904
3435
9684
2348
705
6695
687
3235
9698
1528
9025
2856
8997
5215
8112
8314
8627
4650
7892
580
2766
6438
8063
5226
9220
2687
5305
2906
6714
6932
1157
160
2535
1095
2958
6102
3207
9986
9418
836
143
6736
540
1078
7493
3631
5682
1926
8300
7177
5111
668
2952
1541
2465
8817
7960
1976
1311
4116
7586
765
9636
1446
7286
6738
8147
1352
1898
9405
1182
4762
1720
2872
8293
6667
5191
1409
877
3239
2217
2501
6628
3788
2168
1334
8726
6208
6346
1562
582
5604
4565
1797
8641
9971
3417
3491
872
7764
6662
7023
866
5989
6174
8322
1910
6737
9130
1370
4240
4383
1217
8174
1322
7528
7587
5100
6759
784
2746
509
5081
2235
207
3250
2928
5206
8757
1332
5320
8810
9780
428
3373
1519
8981
2162
8744
166
7835
9390
9803
9724
8483
1651
2554
9721
5699
1300
5024
2996
5045
7817
3253
6384
9612
4149
4017
1706
4730
968
6913
8892
1645
3462
784
9123
2572
3992
5676
7570
8108
4163
8912
9131
3887
2356
857
8465
47
3775
6676
2123
3318
1180
2177
5514
3094
9454
3016
8079
1509
3455
3642
5596
7968
8094
5469
3331
4664
8844
7981
2046
1826
3325
559
2408
8199
2577
7091
7686
6114
1494
2423
3926
623
1873
2074
8395
9917
7857
9583
5370
6099
1400
665
3898
7660
2782
6106
6954
5403
3420
6240
2924
2473
9853
8709
9259
4429
9471
8692
9458
8499
8499
3987
2882
4172
8718
5186
7572
1143
9612
1010
3408
7138
5489
8623
9177
3799
8711
3838
1273
7123
3266
6096
6135
1941
5985
6122
2376
3717
6853
7105
1201
2058
8813
811
2550
1369
4786
7577
4035
6011
1498
5840
6533
1294
8953
6144
6585
429
7982
3091
721
6824
2015
3640
5977
4219
5329
3932
6741
1338
8936
5012
2488
2939
1911
6001
6466
7158
2105
6803
2457
9358
397
5309
4875
9891
9758
7940
5848
4115
8327
7590
2583
2271
6590
5513
7638
1316
464
1516
6902
2578
4959
9531
5503
3630
3681
617
7783
7585
5305
5393
7535
2437
7245
2306
7176
1557
550
7806
5718
8393
6299
5914
5934
1293
6769
3841
5864
4660
4267
4334
7259
8100
9828
3302
8688
7129
4506
2653
9567
4486
1620
844
7390
9959
4686
6583
9796
4890
9694
266
4822
3663
5944
2121
737
8906
1769
9955
2461
851
7586
781
8809
8747
8059
3779
2626
2660
3810
6117
6244
8641
6147
4411
2315
3629
4472
3408
6956
3090
1868
7064
50
1998
854
1907
9392
587
3283
1162
3793
1848
297
4256
7256
3791
6923
494
7896
2992
1732
5567
5264
4375
4614
8315
4086
1277
1906
5637
7530
3507
6716
165
3712
7025
6074
8603
7980
443
4821
7882
7764
9677
3024
4479
7143
7787
3596
6748
8669
6895
8885
3775
6317
4543
6402
3911
4794
3603
2819
5028
7453
9026
818
2328
591
8736
11
6294
4638
245
4293
5778
953
9683
7562
71
7565
9713
1379
7861
16
351
2302
1343
2729
3094
9801
6672
7325
3945
3853
265
3046
300
6137
8369
318
4202
9635
1010
1071
8983
3474
3594
8459
6754
9386
8169
9105
503
6436
3665
8987
2582
8332
2162
7407
8224
326
8012
3937
8939
5138
4860
1726
6320
6248
2114
1676
1111
9579
2911
1564
8501
469
1034
2888
170
3537
1185
6834
4347
1444
2555
5830
7358
2563
2645
6897
267
7563
848
4274
6253
52
6636
7244
3213
8162
6127
9486
7478
4350
4265
1855
5748
8849
1932
6781
9291
8989
421
6298
6270
3060
1133
631
1430
9706
9943
6032
5621
4545
3794
8220
4053
3117
1513
2520
3192
6852
3776
5923
7188
2662
2046
1534
1973
6252
20
2605
882
4953
6316
314
860
2713
41
6400
6373
9285
3110
7663
2374
8348
2688
69
8864
2005
9838
9287
8412
2327
3444
66
4566
4609
3878
9415
8597
9176
4619
8845
4652
3404
6201
9977
8809
3546
1861
364
7611
2701
682
3046
2960
4098
1070
8430
3868
9142
9020
5015
5015
1998
7929
5107
9611
1026
289
3883
6322
644
6307
8150
4304
1203
8010
7846
8855
1776
2738
2660
6327
472
416
1607
5258
329
501
1156
6218
7611
5288
984
9895
1470
7510
8743
6257
4204
29
6815
8630
9413
6534
7627
2281
1174
6059
5742
7388
2300
6317
1030
2581
5797
4606
109
249
8375
4199
2846
3390
6699
2700
4865
3933
7696
4382
880
5810
2789
4880
103
2441
3298
3428
4919
531
8320
8340
8852
145
7299
6679
952
3006
7677
7353
1045
400
5874
9989
6472
4100
90
4723
3786
4368
6387
6389
1786
7882
3755
5102
3833
9331
5236
6624
9242
3956
4770
2887
1446
1534
6169
2208
5069
8661
6774
8418
579
9119
5196
6549
4924
3444
7606
2138
6680
5900
30
6708
6830
3073
6153
1878
127
4859
9423
8220
8083
605
3281
8611
4986
4078
5695
7070
85
9608
3374
9874
3552
3326
4772
2565
9387
6607
3254
1736
1082
5982
1206
3980
5319
4657
6585
1747
9255
710
1866
4365
4848
9663
6356
8667
6566
8655
894
9656
3470
7201
1006
1513
8156
3208
2302
1766
2546
623
6377
964
2828
8285
2165
687
8310
6275
4920
7595
694
426
4070
3254
1204
388
3793
3117
4031
2679
508
5402
6089
1806
5818
7481
4097
9109
9211
9090
2532
1330
6807
7667
9364
1145
4851
3247
955
7979
7810
7933
9129
7099
3623
5408
3828
7896
5381
8797
1825
2268
4658
7847
8938
5141
4309
5303
0
5567
7670
6665
646
9644
2328
750
2643
2896
6989
611
5273
4728
2995
1378
8
1790
1515
5168
853
3789
2961
6568
1938
1308
5227
6043
6545
2194
9875
8843
6100
1860
4145
1110
850
4069
3933
9501
5896
6883
3851
9536
7381
2378
4049
2729
1913
3071
5571
2087
293
1
8961
2755
7026
4870
8805
5579
506
1233
9096
2378
6733
5155
8206
8200
3328
6789
8828
878
9447
2293
5187
7181
740
5343
9278
1515
236
5265
2123
1846
3010
1289
2630
9630
907
2960
4433
6476
1704
767
1222
331
8230
7881
1420
2747
2715
6208
8832
7020
410
7484
8580
3715
2438
9653
294
1395
9394
9823
8927
4582
7649
6861
1763
8544
2096
2035
2223
66
8958
7110
3653
6679
2101
7190
1953
2190
734
237
3319
9973
6822
8288
5947
7678
2142
6268
8676
7775
9978
585
8577
5819
5246
5973
7103
3156
118
6037
8005
1394
7235
5974
7018
9859
1841
1171
7009
1406
2222
7471
2749
5358
695
3412
1223
8036
3744
2739
9141
2403
8548
2313
715
6346
4141
8458
9168
9841
7048
2459
3896
9277
8726
2625
2070
6876
6385
9419
8387
7766
6691
3411
6718
8627
2883
2641
42
6207
3285
3201
173
4874
7451
262
5231
6609
5709
5409
3118
1246
2088
5368
3553
1654
5192
3974
4955
9518
5597
7007
95
3471
471
6284
1508
649
1801
8416
1261
7067
4925
3160
3036
3675
8700
8245
6858
8494
1074
5421
1381
2255
3906
9254
275
9565
539
8399
9366
6224
4768
738
4783
7386
6341
9242
5912
9380
4550
6848
3508
347
1503
7678
9490
7583
4081
299
1230
6683
9995
1703
44
8788
8596
4455
6088
6675
3240
3360
518
3348
7111
8025
3031
8784
6118
4528
6296
1616
3043
5652
4628
3257
433
7161
6040
6101
7744
5469
9609
8471
2331
6543
9644
8288
3586
7546
7348
4089
8459
3497
8526
750
1057
4734
2383
5403
9742
9309
6253
7380
2303
2443
2784
2834
2732
7664
4004
3066
3375
2940
4060
914
1586
2128
3240
4418
7598
2458
5370
1151
3830
8384
4399
1911
1865
1211
7979
2090
6014
6415
7002
6996
8436
2941
4808
3323
5215
4674
9942
2198
9214
6864
6842
6981
5185
827
1734
539
8599
8814
5334
6284
6285
7792
9487
6952
7867
1372
9832
3090
1860
5748
7505
4395
7750
165
1596
1491
8852
7448
5268
7836
6855
2645
2014
6414
704
4827
3620
2093
856
2260
9563
8718
1788
368
626
3956
8649
6735
4259
7874
9774
1923
7718
9582
9139
2985
2429
3706
6212
2531
5638
1652
9250
5956
5449
8540
5787
1828
1618
6856
7252
4072
1973
5852
7932
5399
8754
7305
9402
3138
4741
931
1623
3275
3060
624
7793
6520
8435
9906
4484
1467
1465
2312
5931
404
7058
2086
3209
9984
5331
7094
3318
8402
6393
2711
2518
9466
57
227
6942
3180
3203
9363
4298
5031
8461
3263
6649
4825
283
1804
3754
5028
7403
229
9585
3766
3965
9403
9471
7262
675
9221
1617
5126
7192
466
1160
5542
2966
5452
1509
2408
8989
9741
5900
6301
9771
3746
2144
6583
2960
5002
3858
1900
4686
9931
2167
6808
9046
6632
9362
4725
8825
8703
4277
655
6726
77
6388
6612
5692
336
5645
2022
5073
530
23
2905
6043
7056
6884
1655
4212
7832
7993
5602
955
3980
1590
266
5490
5477
2338
4461
2332
7250
9364
3174
6766
6469
665
5109
3927
797
3172
3692
4853
1873
7735
7375
2010
7141
6522
9999
8598
9482
7146
4240
3494
6348
2566
8809
5933
606
72
3413
9708
869
8441
1585
452
321
2026
7094
703
9706
2716
5127
5232
5725
8022
4560
9353
9101
7332
1876
4174
4923
4527
4519
4747
2249
4882
4972
417
2196
7971
7930
9858
7148
412
1828
1444
6130
8516
8603
5214
5674
8099
1009
9026
7824
2934
8677
4964
6522
9072
3147
5305
3580
4239
3395
1009
780
3840
4136
7248
5642
5790
876
43
9668
2399
7310
5841
1830
272
7529
1232
8993
8097
3853
497
7486
2708
2323
2919
1512
5414
2098
5452
7964
6832
9512
7968
961
9249
9186
3859
2918
7825
3703
1233
4428
3335
9864
6943
1209
8104
765
9203
7643
2180
6747
9941
5665
6864
3125
6453
2614
7538
5339
7200
481
6328
4348
4792
3492
7226
3850
2149
2124
9112
1302
9593
8581
4930
9711
8058
3659
2889
7065
8892
4649
2139
4253
3528
5597
1570
8467
5870
698
7778
9104
8469
4248
4656
7056
4431
1268
1296
9805
8722
7256
9147
6509
7309
9141
2778
308
1469
4666
4777
5446
663
9451
9023
8295
9929
1782
2118
8460
9088
3322
9316
934
122
5899
3946
5611
594
1459
3911
1140
2044
3007
8123
1186
3756
7689
6342
7594
2877
3104
3780
6495
2745
2593
7654
1685
374
8360
655
2757
8696
3565
7035
3049
9149
5686
1773
5793
535
2611
9560
8187
1966
6118
7093
9190
2519
3705
177
9803
7055
4590
3322
4653
3871
3607
2915
1842
2915
6581
1385
76
791
2452
4676
2261
312
1344
8848
670
8540
2328
4109
4749
8051
3716
3231
81
8034
1253
3084
8389
3058
655
4103
7528
9539
629
6225
1728
2346
1307
6279
9671
5136
599
4309
2998
7198
5261
9152
5405
4092
5225
8269
9471
9181
6830
1543
5051
9831
3707
4352
6938
2398
6789
9699
4532
2038
224
9538
9973
5870
1823
5290
2583
7903
3225
1388
3379
6691
6946
4824
5981
2897
2012
2431
3131
2667
1179
4866
9511
7406
8867
9394
756
534
4093
6191
6300
3576
433
8861
6999
199
5022
4344
3488
4832
5568
8439
3765
9702
9470
768
7614
1265
3558
1242
2067
8584
4223
5395
9792
7458
8472
62
9138
2128
8514
1888
3642
2790
1796
4936
5291
7985
55
8753
1925
2083
1944
37
8771
1413
8076
8753
9441
5153
224
6977
2054
6767
3917
7783
8746
4773
7634
1922
7570
9668
7662
8698
6954
7018
278
6304
7821
472
4164
6282
2225
6391
3143
3853
268
8587
215
4149
36
5283
963
2208
470
1377
7078
9749
8378
1960
3062
9652
7928
4151
8143
5549
9500
1972
4697
2149
1938
2963
3951
7562
2707
4716
1544
4519
5633
2898
2306
6512
1969
9987
3812
6554
9666
3295
3768
1363
9892
6395
854
6934
9183
4447
7896
947
5869
2700
6595
2701
1085
7260
1615
2974
2706
967
1025
2013
2639
5088
3663
8590
778
952
9066
6483
9261
8916
610
1588
789
1611
4224
805
8799
5190
4433
836
5708
3125
9634
1277
5673
8072
2136
6022
6596
9967
2927
4099
2254
4677
5789
7047
8445
4866
2305
9867
7481
4094
5641
615
6455
4709
8488
3157
8009
6090
5623
9452
3102
1842
3576
9441
9355
4176
5470
5199
1406
6368
6982
7747
3905
5988
4265
7805
9418
6691
8836
7225
445
8927
1107
6503
931
1017
4443
5681
6461
5806
9791
134
280
8048
6787
6962
7077
2075
7255
3488
736
4443
3124
1085
1839
7472
5551
6748
8166
5769
6773
7703
9198
3246
7988
1888
9094
4885
6459
3985
160
4400
7140
4065
1644
3544
6130
7720
4522
1004
5741
821
4237
9066
9074
9037
4575
9441
8878
388
1622
7502
288
3563
2236
8372
5422
8650
9
5281
3265
5545
2690
7301
6530
3760
7660
7200
2717
4822
3690
6101
3972
6906
5735
4560
1867
4646
2696
3036
1256
3747
7887
3321
3211
8499
4207
6993
2723
3936
3292
3648
8357
7992
4390
351
6763
7287
156
1480
6228
205
4523
829
3840
332
6753
5995
7926
652
5480
222
2388
5580
6903
6712
5980
2306
6439
4820
504
9286
8340
4630
9228
2959
8764
7805
8759
3943
490
9148
8569
4339
2629
4896
592
5268
807
6316
8687
9730
6584
4088
4079
3151
2218
8352
9171
331
579
634
5236
8959
9754
633
3452
7839
5226
9757
9067
4902
711
2919
5231
9564
3752
2945
3697
466
9054
3098
1800
249
7218
7472
9073
9314
8599
8889
1808
6452
871
9909
6006
4178
684
6014
843
3812
2184
5638
107
3989
9488
1528
9572
8199
1207
7751
8508
2547
7741
5564
2461
1826
9816
6236
3764
7946
6042
1562
3720
5244
6736
7993
4374
7225
2471
2526
9685
682
4486
3457
1909
4659
1785
3213
7777
5200
8893
2494
504
1674
3674
797
8425
4683
1493
5625
7212
5736
1323
4310
2896
3123
2814
9159
1055
2295
382
7406
3928
717
6331
5358
3512
7570
7076
7512
4703
5361
3297
100
6974
878
4150
5220
6483
5486
1055
7674
6752
1796
7891
7306
6315
9330
6704
2435
7426
2839
4706
8355
4768
8785
2874
2502
9238
8154
5242
2154
9962
159
6790
4556
6881
6156
2439
4789
8770
3437
9580
9863
7988
8086
5915
3027
7232
7531
7088
656
4793
8391
6178
6472
4835
2152
7758
179
2850
7665
916
5531
8925
6761
8556
7033
9069
6502
6688
2994
7086
1439
9224
274
8308
3170
6403
6078
242
245
1604
168
3286
9391
6777
8653
2047
5212
9842
6137
7994
6016
5624
8207
8239
5299
754
7089
6579
6268
4086
8390
3761
7550
8005
509
7327
9721
8482
1466
7359
3520
6688
4881
2116
8934
6210
6816
5236
3370
6912
3827
3618
7426
7695
2371
1836
3684
1440
884
9908
8122
1724
7627
5992
6892
4010
3827
4204
5743
3673
397
453
3993
322
3548
5851
9379
1291
5929
414
1737
6552
9063
518
7391
8908
9182
3495
6128
5057
2059
7785
2666
8260
8455
2149
2206
4984
9100
6520
9533
3809
743
748
2092
2711
1511
7908
3882
3192
7464
3966
1412
9936
407
9506
533
1216
4649
9209
3842
9153
9062
6156
6270
2672
6747
5500
8008
8304
5847
5877
724
8831
1302
9662
1617
650
2135
4279
152
3593
2348
3161
626
4596
1495
6424
9021
130
4549
8875
5770
1496
419
5971
7148
1320
2608
6659
8389
4887
7982
2975
7003
5038
225
4380
5787
4145
7659
7783
3076
8964
2926
5233
207
2831
331
8262
2750
7961
9701
6731
5533
6672
9243
7605
6683
2673
6571
7855
4047
49
8365
1290
4083
3495
7563
3235
480
2242
8980
4076
7939
9486
183
3205
9052
5623
9643
3325
5502
2096
1132
5680
1976
4435
1487
8962
3902
5085
4526
2338
6475
4347
3317
2829
1880
615
8485
9317
4609
6356
8131
6333
2548
2282
7632
9630
5299
2371
9827
6416
5382
1487
8865
5659
9097
9328
7185
5381
5334
241
6880
8651
8301
4475
218
4487
6398
3982
4608
1465
3515
2616
6176
3032
7936
895
1434
4412
5679
4290
8727
7573
3103
4009
3598
6674
4020
8798
2249
5150
7470
2322
3003
7979
133
8267
2491
5508
7068
9209
2005
765
9002
9621
7346
6331
1301
1249
2401
629
1902
9512
5194
3122
1509
4065
6645
4202
132
4293
1452
3456
9190
6677
3397
2739
6357
9750
3381
3689
6840
2086
6230
1085
1254
2510
1034
9903
3506
9248
1617
2647
8524
3996
2721
3457
9909
4972
8798
6485
5317
9374
6051
3634
5318
5088
2181
3415
1774
9117
9631
5167
6766
7151
4341
159
2137
6714
7610
4113
4511
7221
9715
6726
4706
3271
5089
233
2800
8569
1769
8646
3436
3042
8175
8876
1224
9941
8309
1066
6466
1252
7213
4982
5729
6746
222
7885
4334
2908
9569
9819
9848
3173
2927
5807
4258
4072
2633
7116
8778
3415
8373
3669
933
5790
4735
7019
2202
4541
548
609
8592
9000
1075
4859
6940
5756
9438
765
6740
4829
8893
9642
3170
275
102
4840
6444
9813
6375
1108
5702
904
5005
5078
4001
7653
3048
4524
2022
2016
1734
6736
1125
1004
3397
6802
8150
421
1644
7457
6811
4257
7133
6785
3590
4810
4302
4607
6906
3174
4415
4219
2139
4764
4991
2954
5015
7076
4073
4669
9501
1931
5418
5417
6412
7897
8138
41
8015
8645
1759
3448
4352
5780
8215
1912
7964
5202
8982
652
2194
3494
8948
2012
2188
9033
5186
8544
6662
2120
1300
270
8625
3763
2467
4392
8150
6999
5437
1058
551
3459
878
4054
6690
7601
16
8145
4978
9748
6430
7818
9775
2633
9731
1233
3916
5386
1611
5480
9788
1808
3104
9538
9128
9597
5930
6715
4272
7323
3740
8642
1892
2798
4758
7114
785
6465
2500
2416
3198
5986
1665
7386
4058
360
2402
9321
2845
124
9372
3143
7144
2549
1237
5877
2437
3276
7595
3
8622
2627
2236
1493
4835
5848
9097
5226
175
1060
2798
8074
1321
9406
725
7118
2122
6444
4495
353
701
5474
9268
530
836
2505
4675
5769
1510
7425
5491
8794
2485
710
4631
5254
6164
2099
100
2617
3348
8109
9711
5962
3861
6985
2901
5404
1134
6992
3197
8977
3129
5137
6186
6680
1336
8357
5974
2930
5241
822
9260
2138
7633
5932
972
929
2160
6189
4020
9685
2093
5659
8422
8664
9376
4286
5777
2095
8027
6305
8535
3580
4542
9039
4329
9806
1010
9258
584
744
7260
3944
617
5898
1723
9112
1433
5864
3347
4257
6108
9570
964
1090
6454
3017
3712
8886
8765
1538
3104
4969
8042
4515
2310
3739
7638
7753
2726
6811
8205
7614
7691
921
3948
6642
4167
5340
8460
1597
1539
7007
2564
7228
9925
2856
2362
9387
9518
7295
9688
6899
6098
3377
6576
8466
3049
7784
3235
8142
9798
900
8635
1563
5918
7437
8256
295
3778
5419
5631
6176
7235
4643
9316
8310
7350
3632
9287
3194
709
7898
7885
2453
2486
314
7558
3464
439
5267
6695
4616
1277
9459
1794
8341
4321
7652
6061
6112
2782
2356
1804
1551
4130
2840
3873
9398
1375
8217
4138
624
6500
4682
4126
6425
6626
2438
8662
384
2187
8061
7958
1619
1070
3596
9036
2091
8774
6539
9612
938
7431
4421
8148
6671
7950
390
4684
2998
9204
189
6106
9105
551
3185
7464
7338
5992
7035
3740
8317
498
594
7222
1872
9037
2965
4808
2731
3775
8851
8698
6961
6670
7100
8537
2105
1032
310
6714
383
4475
2259
5899
1324
4256
9310
2805
7366
7330
4776
1210
2754
9570
7668
2934
3934
8772
9013
6998
3736
8608
3487
1783
7
146
4468
5176
3314
4648
32
9723
1950
3914
8051
3933
1368
1929
9116
4141
2634
5703
8636
7759
9372
6173
5904
3691
5469
3089
4483
885
2303
9149
2836
1638
3577
4095
9983
2374
3281
6254
5669
9648
9131
3053
943
1277
4214
375
560
6858
704
7523
8414
1568
3670
695
2050
3478
5357
8592
4076
6050
6898
3154
8851
1503
1735
5943
3439
4088
7081
9168
8781
8131
3922
7023
3612
287
5183
6534
4680
3727
9351
5122
7822
3871
6988
6344
4651
6015
6834
9187
719
8342
3914
843
139
1307
5333
5406
2216
6790
3007
9070
6718
8883
1015
8656
2690
2585
4832
9101
7764
6703
7694
2845
27
1851
1810
532
1828
5901
108
5990
6724
1053
3074
9449
1462
4362
731
2700
1169
4803
1511
5821
3593
4625
7603
9809
4679
3768
7268
8615
4927
3674
9652
7140
7468
3651
5690
150
9226
7986
9299
9116
2144
4882
3299
9990
6982
1401
2769
7053
8173
409
7193
8468
5540
9840
9499
791
1671
7313
1625
5569
5603
7758
9785
6019
3281
1918
3860
2093
2135
5254
101
7454
5936
4890
1530
9893
4188
3429
6810
4316
9851
3288
9175
7462
157
5369
2177
7714
5703
1748
6181
9164
7070
6493
6919
5413
389
4313
4115
5268
6944
4215
6041
6364
4991
7129
6889
5061
9240
4781
7704
1939
6021
1974
4918
1339
7798
2204
3915
7030
4236
6096
8681
4158
2019
2099
6211
416
3967
5238
5430
846
756
4623
8069
1131
1067
370
6342
5728
3756
412
8569
8630
2696
4128
9318
3958
2300
1962
7879
9955
4131
5817
3070
4591
2615
3125
9154
6965
3761
9428
8129
8151
3978
1052
1729
6798
8332
9907
8280
6159
7510
2518
4306
5793
9237
4072
7249
1960
5949
7538
3173
8612
1182
1322
3771
5180
1349
7157
6835
7368
2046
5717
9753
6603
4746
5802
4046
6892
90
749
8086
8990
1671
5003
3258
3768
3062
3085
353
5091
4526
1631
5675
7283
2755
643
5161
3856
3436
9825
3784
414
3761
2809
844
631
3842
3138
5130
2032
4082
5176
7896
9949
6223
8845
2647
9324
4730
329
6855
4849
8879
8346
2854
7723
7543
7843
3361
1000
2482
1409
6241
4574
4050
6674
8473
6961
498
7678
9290
6820
1448
1204
4435
9335
7861
214
5494
6283
294
753
6091
3393
9099
8545
5418
8673
5193
8793
3767
5783
4077
9209
8754
3518
3536
7522
4401
2
9767
809
8639
9138
937
9882
3867
9195
4200
5576
2503
1278
1814
5899
6870
8540
1697
5700
4518
5141
1182
9258
132
4828
7689
2277
1614
1351
4520
6186
9364
5413
3773
7035
4533
6523
1800
2371
6860
1186
6428
4200
5243
4881
174
3415
2491
3889
3887
9687
6992
8831
2061
4811
6606
2916
3571
4163
8318
9243
1105
4832
2465
1308
4413
8251
2387
5189
2970
7167
2404
635
6253
699
1932
2583
2363
9396
8687
850
1303
5547
2497
9186
4467
2619
6384
5892
1145
9649
4853
7992
2467
9821
4354
7993
4767
5986
2587
2650
5350
2127
8564
4005
6111
9172
7420
3441
6407
7504
5763
3461
4167
7536
2895
4222
719
6747
1088
7980
3734
2304
7787
946
5851
2827
1781
7779
2844
4428
7924
1208
5946
2061
2401
1325
745
5896
3367
1119
8743
2837
8335
6880
4230
1554
6824
9039
9811
6196
7675
4569
9569
166
60
9808
6644
2105
3251
6509
9016
4811
1084
9465
7326
5832
259
9198
4065
4202
5290
7759
211
7396
9123
8375
2525
7458
2280
3744
9805
9068
1684
7998
9164
57
9274
3739
1802
6396
8708
5209
7966
6568
4886
93
8091
1340
5148
2593
6548
5988
5970
7062
417
2332
1490
537
2841
8257
2622
5315
3825
3530
9653
6585
1008
6696
2377
3249
8507
2775
7535
8891
842
3048
8296
2912
4454
9015
102
688
7319
4209
7753
3893
4412
5726
4359
9671
9313
8335
2826
8112
7520
3355
734
6291
3854
1749
8242
5268
4008
6588
1656
6
899
3048
4146
8032
806
2097
344
4559
9285
5083
3677
756
2962
6619
6703
5401
2313
2502
9995
2226
1956
9541
5231
5536
274
3476
1812
7866
3248
8560
6391
5604
9944
7437
352
2168
2277
4897
2506
5839
4041
7554
425
8413
228
2026
3426
401
6624
8328
6159
6035
5847
4562
7807
6472
309
7774
7199
5780
9460
2975
4838
9223
3730
3708
9005
2606
4388
4825
6546
9964
7306
7191
9007
4347
8098
7796
7468
614
3890
3590
8845
1121
6462
4598
2820
2437
7060
2812
3577
3882
8414
9593
5974
6506
4383
9227
1712
7821
6860
7297
2880
557
729
4559
9141
8578
6459
957
2483
6126
9053
5631
1322
3329
8761
6469
9569
776
1370
5200
3396
8145
4058
8424
4614
8140
9557
2118
6045
8179
2393
4127
5614
8652
8987
440
6474
6621
2992
4466
689
4859
4664
8540
2629
9807
5829
4867
9017
6992
4981
2354
4132
2140
3107
3939
7012
8288
9241
5286
3727
56
7078
2355
9356
4432
8053
3983
9618
6015
886
5871
5308
804
7027
7247
7538
6747
352
1905
9944
1300
3104
912
9425
6979
2297
9528
7690
5088
101
3491
1567
9809
3887
9862
2105
782
6185
5220
3234
3647
3715
7013
9777
3616
3429
4257
4648
6505
4427
1390
5734
3493
8001
7474
2304
7083
4013
4769
7560
6517
4860
6200
1442
6952
5767
1306
6498
6371
2847
1063
1671
5338
6598
9943
2696
863
9123
5368
578
6927
3795
9980
8789
7747
7723
6317
608
3889
1587
1897
5492
2570
244
7767
3130
7393
9814
5188
4880
2506
2287
3501
7624
2876
7837
9608
4416
7403
2667
8524
1138
267
29
7054
3202
5553
5006
6217
7221
8336
5757
1383
3704
5466
3508
8637
3973
8497
6357
687
3158
6906
8662
684
6087
7501
9656
2754
5825
316
4321
2830
5538
2631
1074
5443
5749
8243
8203
2203
6192
9445
3469
7701
7387
2792
2905
796
3185
4645
1328
6096
8629
4375
473
2220
6063
9864
9855
591
5905
4107
9780
3645
5454
1927
4132
7776
5045
9319
7909
10
5563
1732
1719
1071
2247
3931
3034
4275
8792
8694
1364
428
6338
8190
6218
9531
1875
9646
5876
3155
1702
7333
6626
4788
8980
6207
7807
447
7027
2356
1612
9489
4572
5213
9432
3616
9026
1498
31
2449
4162
2770
6138
4082
2539
247
55
2505
3550
9815
5720
1518
6481
4192
1601
5770
6557
4646
2931
2388
4457
3677
4405
1479
8415
407
5733
3361
4361
3715
5802
4140
3916
1282
6451
8584
4259
7130
9971
8025
9298
3010
820
131
9344
9298
316
8679
7481
4837
2408
5242
6708
2275
599
3878
9050
7978
2075
5750
578
3236
7947
2544
4118
1459
338
4043
5925
7441
5656
9097
1435
8161
3292
6776
9148
8071
8676
4456
2129
4635
2815
5213
56
6503
2262
8783
4253
1697
2947
5691
1476
8602
1660
6073
7701
5908
3344
4393
1390
4766
1144
4830
9738
2718
3948
8663
3906
5063
8396
2466
3198
1530
1527
3088
6212
3241
4842
347
1059
302
279
3078
8348
9955
8488
9089
621
1322
7813
4423
6135
9674
7266
8468
8957
9221
5055
1675
992
8764
7816
1425
3126
4487
6073
1627
9782
7206
2098
4753
8314
8675
3339
7522
8403
5436
2741
7111
7190
7542
4250
8245
7578
4117
6914
5929
5172
8357
6276
8505
6216
5420
6296
4865
8931
9662
4176
135
7953
3904
5692
2856
3934
5186
7597
6833
8377
4702
4873
6969
1696
5139
1992
9149
2429
9751
6754
707
5839
1632
9050
4862
2921
740
6441
3379
7009
847
6426
1459
558
8652
158
4897
5948
9807
4918
4067
3378
7624
9422
8229
1020
189
3273
6144
5290
8487
9069
9776
6790
8101
3897
75
6920
6811
273
8951
4818
6120
8660
3612
6064
236
245
4710
8966
6085
3223
8255
4697
2158
2818
7500
3886
8624
4125
7080
3164
9430
8067
2338
1382
1483
562
7638
6006
7337
7015
7462
5043
4871
3904
2064
5622
9739
8369
7084
2597
3132
3940
3975
9674
2864
2417
8640
2285
2089
5369
2807
3400
3953
6168
1842
4110
5884
3924
6089
8395
5945
2573
4395
8545
2045
8882
5723
6053
6574
2303
460
4804
3211
7873
6251
2556
1365
7047
2123
3200
7816
7265
6259
2766
9238
2138
2098
1349
1577
9983
1038
9996
6223
5244
5143
9899
8219
1078
8096
7409
7956
3327
2404
8344
4488
344
4232
3198
8627
2457
2188
6736
3669
7700
237
3719
310
8416
3731
2860
4320
1972
1596
8221
6290
7492
4794
4388
9043
9900
633
1802
676
5163
2104
1456
2220
4148
4875
5567
7562
4794
7848
3446
1532
6007
6162
1359
5894
8210
6342
2990
6910
7209
6092
4136
4619
4372
1470
209
8319
2082
5954
8115
6053
8022
9885
3258
2457
6101
9847
3380
3032
7904
3378
7225
1836
5492
926
6512
2434
606
4266
7721
5883
3392
5131
3138
7535
1355
2342
8472
8298
3858
3960
6640
2378
2113
4667
9823
3233
1995
6232
969
5420
8409
8565
2987
8473
8076
5392
8379
9877
4038
626
8965
3556
7839
5561
4171
7589
3518
4659
1567
9840
141
9066
4875
970
7398
5459
8951
2601
1339
4285
9329
1879
9093
2989
3298
2856
7841
6465
1735
3539
1700
8541
7831
5787
6855
6268
3343
9862
919
3937
4436
5639
5777
8065
4353
4694
852
6297
9706
9738
5431
5781
9627
709
4948
2474
3259
4740
9826
8691
2445
6466
3574
4980
3340
5856
9511
108
1566
9214
4789
4351
4014
4784
1951
8647
7374
9824
249
5754
3891
6548
9941
9471
1626
6537
3732
5095
385
1273
8550
1020
6296
7795
6766
6186
6135
196
9286
1026
8585
3240
3495
2395
5656
5206
5032
9230
1596
7854
1586
7057
75
2650
8724
1465
7409
7226
8340
2920
5797
8448
3570
5365
8140
2
3155
8715
4057
4495
2527
1540
5665
6375
8235
8830
5749
7668
92
6232
3241
9627
7043
7891
7221
6372
1493
4531
393
4513
4190
8035
6974
1418
7268
5316
5402
3656
538
6751
7212
8987
7557
2291
8056
8203
5486
2289
2247
8423
3773
672
3671
8911
229
7239
3754
3899
7111
3974
9175
9926
5140
9816
8642
6934
5713
5981
4949
6166
6620
6686
9164
9118
9352
464
7717
374
1487
4923
8812
4158
1097
8102
1404
4141
4637
6918
4879
9972
8477
8312
5256
5021
90
4794
6772
7716
1347
1332
2057
2318
283
8642
1650
3471
1364
8170
1737
9086
1117
3232
2833
2192
1684
5073
2209
8498
3737
9808
30
5337
7360
2181
4777
4569
9922
5648
7211
860
7393
4098
4410
6103
9203
4941
746
642
8052
619
4902
1598
328
2777
3665
1782
1033
5269
8442
4911
6167
4007
4283
8416
6483
6605
7640
1466
5199
7914
6948
787
2263
2631
9832
3571
8043
9047
2024
8525
8673
5127
9510
6348
2458
7303
3211
9916
5176
6630
1689
218
5706
3940
5754
8436
9845
9254
1900
3141
5524
6503
7294
670
1140
5407
7729
6580
6640
8625
8366
3602
8350
5143
7569
365
946
5628
118
2730
7151
3278
4843
3349
3776
5023
134
3503
5165
9697
9498
1473
9769
3060
1959
948
398
4990
7680
6783
4969
3552
1089
8758
1608
757
9784
9800
3546
8468
4783
1437
499
4870
8726
9189
7883
2669
1017
7955
2456
9754
978
1892
6874
6073
4957
3866
3643
9602
8572
4788
7859
3539
3991
7099
2852
5085
3804
5170
2944
6756
5023
8062
8301
9833
2251
9715
5182
1306
9141
3778
76
4022
4595
2508
1242
1846
6163
8468
8277
4383
4062
4932
3812
5309
8730
5106
6384
5414
7615
7918
5573
1815
4955
9785
853
2768
6820
2047
562
4084
1319
8532
5245
4086
5338
4011
7864
6944
2592
7625
4918
9844
7167
7563
1067
9079
9550
9569
3287
7099
4420
5431
1103
1880
554
3613
8353
2807
6072
5358
3528
7736
8148
1435
8313
9192
9372
1226
6666
3284
8848
931
437
1407
9384
5670
7143
7374
544
73
2405
6180
8877
7268
2916
9795
1952
4539
9526
2865
4951
1438
520
422
4533
1848
9813
6081
6998
2289
8474
1529
4764
93
3964
7892
4755
8822
3023
1203
7146
8102
7756
6077
2866
1524
2690
5849
1603
3871
5070
4269
3181
2430
6620
7789
8559
2273
7761
7451
1246
7868
6394
1409
545
1892
2152
988
1513
5975
4846
6604
7167
6273
1246
5719
6458
4102
2256
9894
427
9671
8751
3533
1999
3688
5670
644
9639
2702
1871
9288
4628
5654
8923
8206
3002
3432
6132
6989
1552
2966
5055
8021
3041
405
3662
4243
8955
9362
8076
3631
2353
2072
291
1830
2967
4934
7638
7155
8431
5096
565
2416
9955
2213
2228
3100
1039
399
669
355
5613
1583
4363
9639
2907
7154
192
2464
1254
8948
2188
7908
9604
3210
9073
9898
1555
5129
7669
8066
5624
9131
3802
6718
3635
4524
7965
6006
1173
9164
3935
8985
1487
4724
1942
7503
5210
8763
4871
1321
9604
4331
4475
7796
2784
7866
9413
9849
8527
4643
6491
6290
218
7229
814
5425
6136
1310
624
3217
2013
4411
4922
5654
3346
1152
9408
9692
3094
2331
4623
453
9988
9741
9147
8891
7922
4308
192
7301
5826
3800
4043
7586
5381
2500
2308
7335
4707
7583
6255
1312
6413
4725
4025
8075
3749
2277
2181
913
9819
3335
7453
4269
4599
5305
141
5385
9813
4600
3541
3313
9254
8587
5397
6731
2082
68
9465
3954
2303
5719
3461
4245
9082
5321
2656
3559
1398
5875
7520
2113
9623
324
9221
7996
1334
5219
7305
8960
9855
7607
9157
2800
4334
4202
7265
569
2375
1250
5527
2735
6583
4382
3514
7816
8737
4226
4111
9532
6226
3730
3654
7596
2306
6564
251
9002
7566
2452
5087
6603
3759
4917
1960
7872
4538
9270
3621
9083
3546
2799
2696
4417
9441
1798
2407
8523
2934
8160
2271
2307
6712
9870
184
3433
8807
5199
1435
4111
9893
8212
8552
1652
9763
3113
9169
5057
543
3705
5980
6836
1350
9704
2071
7043
4358
8208
5689
5739
9474
4239
482
2425
4888
4838
529
7639
8068
5699
9312
9312
2742
6225
5816
9900
6623
2519
4568
5822
7524
611
6831
3280
882
6029
6728
8891
7487
4378
755
5130
2482
4085
3288
9033
5916
9996
3040
7862
287
9456
8297
2664
5450
9874
9685
7262
2528
3222
7273
7304
7746
1502
6306
1504
2523
5882
5127
7976
1013
6501
6056
1515
1426
8795
9119
9305
3099
2863
8774
5011
6363
1403
331
4624
5053
5200
3891
9218
7922
140
2795
3897
5372
8370
4912
5144
8352
7251
32
3702
7953
4915
4851
204
9886
6879
3717
2158
155
2338
6042
2503
443
8349
7416
432
2319
245
5043
9105
1747
9422
9782
990
5485
8705
8685
1516
9710
4775
6542
364
4020
7729
9713
5755
7233
2795
3552
5479
4455
68
9439
5346
871
9614
2879
9940
8331
4318
2321
2548
7676
1949
3863
5583
3477
903
6305
526
2857
6102
9957
7085
8465
8885
396
9563
5218
6837
6208
5788
9705
1982
7899
1024
1534
5418
9949
8798
8966
1884
2350
4321
962
9855
2356
3775
3896
1969
3515
1389
7768
6948
4260
9697
7106
4828
4664
231
3009
1154
3853
2300
2168
7079
9521
6399
4214
5849
8812
9593
9974
2938
8832
3558
3902
175
691
2193
7015
9153
4964
3482
9420
3630
1669
4458
9520
4874
8614
2216
3972
4137
2426
1563
7473
1377
6640
9587
9900
6857
2559
6730
9522
4140
9331
1034
8882
9997
80
1059
7182
2878
527
5239
6370
763
8018
8305
2916
975
12
9416
3130
6977
8792
4471
2654
6038
1813
9106
8025
9778
5033
3189
5983
4610
4717
2015
9588
3544
9344
4947
1542
7871
2478
1065
3979
3964
4574
8270
2042
5257
7693
241
5933
7541
5877
9351
2585
5141
194
9512
2388
8369
5288
5611
6893
3402
2218
1612
5537
3199
9852
567
8409
5093
1799
3857
7868
4522
9051
7755
6603
4110
1954
8332
4736
3384
9401
1854
8645
8177
4952
1676
4184
1099
3624
679
6124
2101
372
4675
3833
2498
5853
9391
5133
8552
2276
1686
7599
2489
9343
530
8597
9634
216
7264
7857
1797
3109
4158
3334
4203
2687
4370
5807
142
9605
3568
9242
3872
7991
8343
9167
5667
8842
1004
8732
579
298
319
2382
3113
3003
1055
18
8111
3051
4613
1770
2345
6816
6807
4676
6325
4081
885
2494
9520
7565
1332
8885
9430
7400
7582
3341
4031
1594
6277
1088
6627
9342
9324
5154
3541
8121
7735
6988
1846
4554
733
6750
7824
9916
8436
2150
2144
4556
6422
7114
7332
7096
1844
4317
2451
8997
6787
6591
4955
5513
1238
6115
2320
9213
2855
5044
6015
1969
330
3917
3772
3292
57
1527
6419
2601
2178
5443
1428
8886
6762
427
5179
2468
5905
82
5751
150
9611
5479
2473
7674
686
9357
751
2529
3417
8300
7944
3597
554
65
9042
2545
6368
5400
6822
6217
9102
9303
3825
1111
8406
8016
3722
5025
4362
1997
4837
1432
4085
7896
5283
8507
1183
1791
4631
9313
2329
7331
6940
7518
109
481
4625
98
7452
5479
1521
1159
706
8407
6442
130
8144
7980
6031
7210
8077
1371
9576
305
7318
3618
3653
2590
2631
5214
8246
9221
776
4409
254
5457
6888
7955
7241
1934
2179
4233
3115
8531
4721
192
68
5553
6756
7352
8971
3559
8695
4252
7597
302
1230
9145
8353
8381
59
9718
832
7446
1826
6899
253
1132
3495
369
3815
4283
180
8018
3577
9837
1803
8310
9526
5282
7106
4003
7439
7765
6986
9449
2159
133
8122
8242
7869
2617
4064
1873
7960
4802
8569
4375
1273
6506
5833
314
3156
8773
9532
5485
1268
185
3116
7608
9367
4140
7442
2436
586
1895
6687
3007
3159
5011
2912
3342
8745
8595
9163
6925
4487
7743
7218
9074
6841
6609
7437
8495
2307
4696
3545
4131
6914
6073
8726
5025
6586
6156
3563
7002
6321
9225
6893
6468
9672
2167
1825
2431
4568
2615
1296
6726
1760
5254
3055
1574
1655
5672
9923
4257
7670
7071
5440
2497
7097
9494
5589
2191
470
5178
2529
9223
6733
1292
2805
5545
2765
4514
234
5394
7022
6445
9148
8380
4939
9788
686
7867
9000
5183
7930
5681
9948
1282
7791
9366
5430
5873
6220
7221
3215
5574
9102
7977
181
9403
7254
2203
1418
9759
2732
7466
5911
2194
2761
89
1461
791
2871
3006
6066
7517
7231
8614
2839
2914
2387
3974
7189
1686
8053
9862
7207
6468
8276
5712
5475
1099
6289
9387
2281
4803
8356
7641
6462
8916
5711
1908
5907
2414
8375
2482
8760
8713
3560
5796
2792
3626
5926
5652
8725
1697
2491
7999
5492
5696
7894
5713
7825
63
8270
1416
1752
3393
595
2247
6115
6729
1643
7645
5132
4288
1958
7323
9720
26
9897
7054
3786
5910
3409
9591
2603
2086
5892
8483
8306
236
923
5882
983
586
310
2351
7497
9217
1445
6688
5526
5253
4060
2199
2340
2404
5643
3836
1701
1920
6302
9581
28
850
8617
6932
1745
5068
5919
3595
5992
4089
1608
7752
6349
2107
9804
2338
288
5891
766
3195
6873
8319
8643
7252
1523
7977
3762
7382
3830
4045
7142
6865
4372
6803
9024
4767
8517
5221
1356
2612
502
3467
7459
9617
2405
5459
4835
8344
2481
9619
5835
5929
2937
6147
9135
718
4513
3053
3448
2228
1819
3576
9609
1739
4659
4378
2583
3619
249
4274
9333
7617
8277
8897
6914
9580
7330
390
5585
6383
9844
6967
3899
184
2399
7814
1375
1530
1997
8574
9978
4362
4923
5942
6410
7380
1460
7911
7225
3933
654
2948
6360
9170
4085
7621
6148
1623
5524
20
7322
8609
9394
1601
2530
7846
4121
795
4763
5587
2444
1853
2799
3115
6937
5242
5536
7653
1061
3983
9076
4793
8616
3792
1385
4360
6556
5278
7132
2830
380
5744
4833
4483
7563
3985
5711
1340
5074
8862
2727
457
9890
8535
1025
8923
7031
7007
6166
35
6734
8731
5730
9189
2018
603
6428
8754
9767
9645
1144
8984
8520
7573
1987
3478
6827
9398
6897
2373
7652
7544
3026
4605
2577
7117
3024
5476
5379
2239
2308
8164
8356
838
630
373
1936
5170
9691
2237
7640
1210
2178
4703
7288
4113
8515
8229
9091
3889
1639
8647
2414
891
2597
920
4235
6941
963
5190
3823
5509
2375
2272
7751
9423
9260
914
9875
7903
632
8765
9301
8083
5291
2468
6907
8025
1129
5106
7345
7335
249
3418
7706
2643
2322
4159
472
4413
6781
6154
9191
8852
8140
4869
1530
1858
2117
8488
1433
3095
1285
7409
1999
1383
5861
4425
787
3800
2815
2045
3366
7612
8193
8338
8293
5997
8027
3172
690
5067
71
6956
9129
6858
4411
1398
6717
9741
4428
3908
9676
5351
3461
2514
1296
1726
426
8271
739
5029
6243
7239
6325
8146
1719
4941
9214
3345
6614
6169
5950
8275
6605
6350
5057
4531
8617
3380
6293
9620
681
6514
5770
2423
7193
9386
7340
2305
9518
9975
3017
9780
4872
8994
463
7080
6010
1728
1138
5742
4272
5612
5221
4276
7799
6423
1167
9137
6123
6732
3529
4299
1349
2285
2553
7808
3955
1825
4938
5061
7182
9374
8921
2188
6110
2960
2614
9268
1564
8308
6097
3013
9092
4705
5207
8269
2617
8131
8874
1848
1580
1599
5401
9946
7398
5935
5481
3027
671
4912
928
3803
8660
887
8642
5267
1049
2853
6005
5654
7777
9034
1822
8956
771
5558
5911
4527
990
6487
144
115
5225
3712
6174
6164
5247
6241
8612
3610
6957
8840
3727
1629
6766
1274
7782
7825
438
1988
5780
7917
1233
4266
6800
2654
9267
2748
2801
5618
8268
3941
3643
7721
4276
3984
2692
7364
1368
4742
850
7020
3527
5233
9602
1946
2992
4139
1869
442
6790
6682
3685
9038
9339
277
25
4213
7908
1172
7537
7939
198
6951
2441
4770
191
2734
4553
9084
195
3801
3441
8249
2171
7189
2579
1899
9823
2538
452
162
7505
269
5469
162
3047
8037
1384
4156
819
5460
2212
8410
7790
5641
3191
874
8029
7154
7521
2051
1715
1844
5515
2824
8875
5883
3031
2342
2802
4615
9567
5380
8663
5708
5436
9428
8943
4012
7458
2628
3498
9079
9810
6750
317
2329
7694
641
5345
8727
4086
6677
12
3455
9227
6186
2545
7899
3612
858
3982
5725
9940
9148
2906
6081
5097
6092
5971
9426
9675
2266
7004
122
3229
7891
4476
7817
7897
2171
4988
2856
6746
7172
5421
980
4266
8144
2196
7034
8568
3028
2676
6825
4393
3957
5830
8476
8389
4591
7529
5981
375
7671
7260
439
4254
7411
4337
676
172
818
3618
5050
139
1435
4928
4618
8542
2370
1470
8965
2354
8753
8979
6862
3432
7972
4088
7441
3295
3248
5182
8492
2020
3038
3709
2452
7228
6807
4056
2713
7681
5320
9177
3375
5669
4134
6604
3842
1799
8454
9907
5110
9612
8871
9853
4223
1092
308
3491
2392
4314
5770
2526
9048
8162
2744
1965
2417
6019
4511
6720
1507
6758
6935
4998
4150
6716
7854
2529
5520
7488
1616
2475
6532
6980
7831
8193
613
8852
7655
2340
4737
839
7851
4643
3381
4552
1376
5790
2738
2164
3547
7356
6394
8525
2423
5962
2483
9104
9725
5405
9163
5891
1075
9933
4990
5776
6053
5829
5794
3026
3122
9996
8816
8912
9837
2600
8096
8144
7467
6444
2491
9314
8288
1772
4360
215
5720
9186
4491
4330
9257
9918
6135
3762
980
2265
6762
6845
9821
7353
4543
4055
4789
2457
7883
9315
4557
4403
2680
986
4414
330
9621
355
7503
9102
724
4338
465
2502
6209
6430
1207
8577
411
6072
1549
9810
5564
5440
2620
3598
2323
6527
2270
1879
6442
3337
8020
7069
9752
9888
4451
5329
1243
4620
6456
3320
7532
6365
6969
4833
7645
2911
9713
5134
1604
8912
9271
3663
4228
6593
4285
5919
112
926
906
2529
7705
1808
9335
3531
5631
5595
3234
3617
8616
8049
3476
9491
9891
6126
5480
9915
2856
831
9471
5111
9050
3103
8253
2620
7654
5148
3723
3299
7073
8028
3821
8465
8955
9606
3560
8683
4489
3597
4721
6262
5239
8423
3539
9931
9926
7711
8252
8500
3860
3684
143
6784
4164
4103
2999
121
7724
7481
1217
7981
9211
908
8400
723
4941
8840
3881
2144
4982
3316
2928
7919
9091
6018
299
4874
2056
7569
4905
2505
9770
521
710
4877
5754
5273
6978
2052
6049
46
7598
7641
2933
4267
673
7934
846
501
6155
2113
6423
1671
1566
6290
7266
6576
8571
3958
3599
6509
6790
5661
5862
7047
1320
6182
3772
1602
1716
6680
2806
7090
1532
4543
8531
6991
5156
6451
9308
7411
778
1285
5141
7945
9037
4251
8674
8912
5419
1908
7553
81
6413
7687
9911
5954
3105
4006
333
2342
7454
2371
5000
4560
2009
5007
1425
7052
9231
1099
7205
3985
1641
8649
8587
9303
3021
4938
5451
5641
7780
1710
1644
9710
7313
6245
2128
6551
8512
5551
9242
8901
7178
9316
6784
2394
7007
3374
2008
3193
9649
9082
7602
9568
1173
6506
2383
9398
3460
7368
1193
2409
8853
126
7816
9105
6089
9674
2797
7718
4531
5028
4009
7478
3794
3598
2998
943
8307
282
6233
5914
5609
7208
9218
5808
5774
3883
1647
7130
3575
3065
5423
1915
2445
45
7053
697
5042
9857
1169
9110
5869
7528
8005
2326
2955
5458
8094
1609
5220
1621
6768
7807
6056
2641
3789
2041
89
7778
7430
7794
604
3898
5253
2941
3248
5640
8277
8987
3300
6151
3004
7199
674
2918
521
6113
1012
6027
4834
7068
5190
1302
2024
5006
3738
5367
1004
3888
7702
9746
7897
5238
1411
9054
8459
893
217
2931
5001
6832
8239
4721
5746
8401
5114
8429
376
9924
5686
681
9659
3988
314
1870
9279
2914
4897
3321
5686
6489
6963
3989
707
8613
3381
5642
343
1996
6706
6679
3414
5406
8179
1575
6417
9128
1308
3186
3815
8827
7202
8549
8141
9917
3641
1943
7743
9410
5488
646
6913
5863
1843
8685
7389
9914
2947
5773
6901
6172
4413
5382
6301
9029
9810
6694
9622
5353
612
6264
415
5062
8339
832
6827
2321
710
5126
4867
8088
6109
5954
4134
3201
7341
16
3238
6966
6827
6194
631
1987
2075
8549
7519
6366
9982
2834
6839
4637
9863
9880
743
2237
1018
998
9218
4266
2876
2307
782
7976
8863
3841
5306
1666
6123
3506
917
8554
285
2149
8939
1860
2023
9019
6692
3148
9945
3390
2013
2951
4155
665
2039
6310
6652
4676
2887
5299
2655
389
6386
8750
1201
9466
7520
6460
3905
2096
9702
3253
7228
2882
984
3333
1413
4928
922
8920
6497
8059
6087
5448
2680
9200
3729
850
2861
8417
1110
4628
8858
3136
8270
517
2715
8936
960
2737
9673
614
4479
9649
2007
8020
2440
1531
9768
5647
9037
624
4492
6848
6477
4605
372
8087
528
1784
8133
1467
7854
4655
8289
8497
3821
8926
4254
830
7462
1166
95
1169
3619
2779
840
3576
8811
3607
7857
2873
8551
4713
8812
8307
9535
4401
4474
8215
7494
1320
5426
4531
735
7319
4242
228
6009
2418
5243
4398
9988
346
1771
7994
8231
8820
8447
2163
6365
7428
6411
4721
1850
2289
7315
7189
8711
6951
1418
1866
6566
6548
5430
7351
9559
2846
9801
9388
2427
